Counter;Messobjekt;Temp0;Temp1;Temp2; A_410;B_435;C_460;D_485;E_510;F_535;G_560;H_585;R_610;I_645;S_680;J_705;T_730;U_760;V_810;W_860;K_900;L_940
1000;Kaefer-G_ganze-Bohne;23;28;21;24252.76;6301.39;4294967300.00;1525.23;6914.90;4294967300.00;1462.28;1525.42;6265.97;966.74;2100.19;656.16;1166.36;1305.54;6087.66;4324.70;4868.31;1035.47
1001;Kaefer-G_ganze-Bohne;23;29;21;20256.72;5797.09;4294967300.00;1460.71;6898.51;4294967300.00;1402.68;1464.27;6008.55;964.78;2105.25;635.40;1131.83;1262.48;5844.28;4259.68;4866.90;1036.43
1002;Kaefer-G_ganze-Bohne;22;29;21;8107.57;3999.59;4294967300.00;1145.00;5204.06;41344.82;1152.85;1209.50;4885.43;762.62;1676.31;537.92;956.88;1079.05;5680.41;4195.79;4846.48;1019.19
1003;Kaefer-G_ganze-Bohne;22;29;21;7912.40;3993.78;4294967300.00;1145.86;5320.30;41454.09;1155.25;1211.64;4894.54;775.84;1703.62;538.37;957.65;1078.25;5647.15;4186.82;4852.11;1021.10
1004;Kaefer-G_ganze-Bohne;23;29;21;8997.20;4181.57;4294967300.00;1181.99;5539.37;42647.62;1184.75;1241.68;5030.09;800.80;1758.25;551.01;978.37;1100.58;5663.37;4189.06;4856.34;1023.98
1005;Kaefer-G_ganze-Bohne;23;29;21;10194.23;4341.28;4294967300.00;1208.66;5496.15;43423.09;1204.62;1262.60;5117.80;796.39;1748.13;558.23;992.18;1114.94;5651.20;4187.94;4857.04;1026.85
1006;Kaefer-G_ganze-Bohne;23;30;21;8751.62;4141.88;4294967300.00;1177.69;5679.46;42391.71;1178.73;1235.78;5000.48;817.93;1795.68;548.75;974.53;1095.00;5627.68;4172.25;4853.52;1025.89
1007;Kaefer-G_ganze-Bohne;23;30;21;7114.65;3851.50;4294967300.00;1120.91;5227.90;40510.13;1131.17;1187.51;4787.47;764.09;1679.34;529.35;940.77;1059.91;5599.28;4162.16;4850.70;1022.06
1008;Kaefer-G_ganze-Bohne;23;30;21;10665.07;4442.92;4294967300.00;1230.17;5351.60;44171.07;1223.28;1281.37;5203.23;778.77;1709.69;565.90;1005.22;1126.90;5611.45;4177.85;4854.93;1028.77
1009;Kaefer-G_ganze-Bohne;23;30;21;7876.62;4001.53;4294967300.00;1153.60;5430.58;41557.72;1157.66;1213.25;4907.07;788.07;1730.94;540.18;959.95;1078.25;5578.19;4153.19;4857.04;1025.89
1010;Kaefer-G_ganze-Bohne;23;30;21;5209.33;3511.74;4294967300.00;1055.53;5113.90;38290.86;1075.19;1131.19;4536.88;750.87;1648.99;508.14;902.40;1016.84;5563.59;4139.74;4852.82;1019.19
1011;Kaefer-G_ganze-Bohne;23;30;21;6860.94;3824.39;4294967300.00;1116.61;5259.20;40431.17;1129.37;1184.29;4779.50;767.51;1686.42;528.90;939.23;1056.72;5570.08;4148.71;4855.63;1024.94
1012;Kaefer-G_ganze-Bohne;24;30;21;6036.36;3662.74;4294967300.00;1084.78;4936.55;39296.16;1101.07;1155.86;4650.79;729.33;1603.47;518.07;918.51;1034.39;5517.35;4135.26;4851.41;1022.06
1013;Kaefer-G_ganze-Bohne;24;30;21;5500.46;3573.69;4294967300.00;1067.58;4967.10;38756.14;1087.23;1141.92;4589.28;732.76;1610.55;512.65;909.30;1024.02;5540.06;4134.13;4853.52;1022.06
1014;Kaefer-G_ganze-Bohne;23;30;21;5361.40;3546.59;4294967300.00;1063.28;5037.89;38570.73;1082.41;1137.09;4568.77;741.08;1628.76;510.39;906.23;1021.63;5537.63;4130.77;4854.93;1021.10
1015;Kaefer-G_ganze-Bohne;24;30;21;3622.79;3128.43;4294967300.00;972.09;4848.63;35289.06;1000.54;1054.49;4196.30;719.06;1580.20;478.35;848.68;960.22;5521.40;4113.96;4849.30;1016.32
1016;Kaefer-G_ganze-Bohne;24;31;22;6017.65;3667.58;4294967300.00;1085.64;5026.71;39368.77;1102.28;1156.93;4657.62;739.61;1624.71;517.61;919.28;1034.39;5501.12;4124.05;4847.89;1023.98
1017;Kaefer-G_ganze-Bohne;24;31;22;5194.70;3504.00;4294967300.00;1054.67;5058.76;38221.77;1074.58;1129.04;4534.60;743.53;1633.82;507.24;900.86;1014.45;5495.44;4117.32;4848.59;1023.02
1018;Kaefer-G_ganze-Bohne;24;31;22;4673.44;3383.00;4294967300.00;1028.01;4899.30;37279.92;1051.11;1106.52;4425.25;724.93;1592.34;498.21;883.98;996.10;5505.18;4116.20;4848.59;1021.10
1019;Kaefer-G_ganze-Bohne;24;31;22;4954.80;3462.38;4294967300.00;1044.35;4737.60;37958.11;1066.76;1122.07;4497.01;704.86;1549.85;504.08;893.96;1008.07;5462.18;4111.72;4849.30;1022.06
1020;Kaefer-G_ganze-Bohne;24;31;22;4788.91;3431.40;4294967300.00;1039.19;4860.55;37740.27;1060.74;1115.63;4473.09;720.03;1582.22;501.82;890.12;1003.28;5459.75;4106.11;4845.77;1022.06
1021;Kaefer-G_ganze-Bohne;24;31;22;6060.75;3668.55;4294967300.00;1084.78;4705.56;39339.86;1101.07;1157.47;4653.06;701.43;1541.76;517.61;917.74;1031.99;5469.48;4117.32;4845.77;1024.94
1022;Kaefer-G_ganze-Bohne;24;31;22;3636.61;3184.57;62922.41;988.43;4624.34;35924.95;1015.59;1070.04;4268.06;692.13;1521.52;484.22;858.66;969.79;5460.56;4099.38;4845.07;1020.15
1023;Kaefer-G_ganze-Bohne;24;31;22;3222.70;3085.84;61324.18;966.07;4505.12;35160.76;996.32;1050.73;4180.35;677.94;1490.16;477.00;844.85;955.43;5448.39;4093.78;4844.37;1018.23
1024;Kaefer-G_ganze-Bohne;24;31;22;1235.24;2410.21;58221.88;807.78;4272.63;29092.31;845.82;899.48;3495.78;650.04;1430.48;418.79;741.26;845.37;5433.79;4063.51;4842.25;1010.57
1025;Kaefer-G_ganze-Bohne;24;31;22;8632.89;4067.35;56325.71;1152.74;4160.86;41680.39;1160.07;1215.93;4916.19;636.33;1397.09;539.28;956.88;1074.26;5418.37;4121.80;4838.73;1029.73
1026;Kaefer-G_ganze-Bohne;25;32;22;14061.79;4926.89;4294967300.00;1311.89;5526.70;4294967300.00;1285.89;1345.20;5481.16;797.86;1752.18;589.37;1045.89;1165.98;5492.20;4139.74;4852.11;1040.26
1027;Kaefer-G_ganze-Bohne;25;32;22;17160.07;5379.90;4294967300.00;1397.06;6295.69;4294967300.00;1347.29;1406.34;5753.40;891.35;1950.47;614.19;1091.93;1212.23;5546.55;4150.95;4864.08;1046.01
1028;Kaefer-G_ganze-Bohne;25;32;22;16904.72;5347.95;4294967300.00;1394.47;6329.96;4294967300.00;1343.68;1403.66;5737.45;895.76;1961.59;613.29;1090.40;1209.84;5565.21;4153.19;4866.90;1046.01
1029;Kaefer-G_ganze-Bohne;25;32;22;16479.42;5292.78;4294967300.00;1387.59;6277.06;4294967300.00;1336.46;1396.15;5705.56;889.40;1948.44;611.03;1085.79;1204.26;5540.06;4146.47;4864.79;1045.05
1030;Kaefer-G_ganze-Bohne;25;32;22;16703.86;5322.79;4294967300.00;1391.89;6309.85;4294967300.00;1340.07;1398.83;5721.50;893.80;1957.55;612.38;1088.86;1208.25;5561.97;4149.83;4868.31;1046.01
1031;Kaefer-G_ganze-Bohne;25;32;22;16314.34;5269.55;4294967300.00;1383.29;6254.70;4294967300.00;1331.64;1392.93;5689.61;886.95;1943.38;609.68;1083.49;1201.87;5553.85;4145.34;4867.60;1045.05
1032;Kaefer-G_ganze-Bohne;25;32;22;15582.46;5169.85;4294967300.00;1367.81;6245.76;4294967300.00;1320.20;1380.06;5632.66;885.48;1941.36;604.71;1075.05;1192.30;5526.27;4137.50;4865.49;1045.05
1033;Kaefer-G_ganze-Bohne;25;32;23;13468.16;4865.91;4294967300.00;1315.33;6120.58;4294967300.00;1279.87;1338.76;5451.54;870.80;1908.99;588.92;1046.66;1163.58;5529.52;4130.77;4865.49;1042.18
1034;Kaefer-G_ganze-Bohne;25;32;23;15405.19;5138.88;4294967300.00;1360.92;6127.29;4294967300.00;1315.39;1375.23;5611.01;871.78;1910.00;602.46;1071.21;1189.11;5534.38;4138.62;4871.12;1045.05
1035;Kaefer-G_ganze-Bohne;25;33;23;15841.06;5202.76;4294967300.00;1373.83;6231.61;4294967300.00;1323.82;1383.82;5649.74;884.01;1937.31;606.07;1078.12;1193.09;5514.10;4133.01;4864.79;1046.01
1036;Kaefer-G_ganze-Bohne;26;33;23;16019.15;5225.02;4294967300.00;1376.41;6183.17;4294967300.00;1326.22;1386.50;5659.99;878.14;1924.16;606.97;1078.89;1197.08;5523.84;4135.26;4871.12;1046.01
1037;Kaefer-G_ganze-Bohne;25;32;23;17725.24;5466.05;4294967300.00;1416.84;6341.14;4294967300.00;1356.32;1417.07;5794.40;896.25;1964.63;619.60;1100.37;1218.61;5536.01;4139.74;4868.31;1048.88
1038;Kaefer-G_ganze-Bohne;26;33;23;17833.39;5480.56;4294967300.00;1420.28;6400.01;4294967300.00;1358.13;1419.22;5801.24;904.08;1979.80;619.60;1101.91;1219.41;5535.19;4139.74;4874.64;1048.88
1039;Kaefer-G_ganze-Bohne;26;33;23;17660.18;5454.43;4294967300.00;1418.56;6397.03;4294967300.00;1354.52;1415.46;5789.85;903.59;1979.80;619.15;1100.37;1217.82;5511.67;4134.13;4869.01;1049.84
1040;Kaefer-G_ganze-Bohne;26;33;23;16953.51;5356.67;4294967300.00;1402.22;6399.26;4294967300.00;1343.08;1403.66;5732.89;904.08;1979.80;614.19;1091.93;1209.04;5528.70;4134.13;4875.35;1048.88
1041;Kaefer-G_ganze-Bohne;26;33;23;16476.98;5289.88;4294967300.00;1389.31;6270.35;4294967300.00;1334.65;1394.54;5693.03;888.42;1947.43;611.03;1085.03;1201.87;5518.97;4130.77;4868.31;1047.93
1042;Kaefer-G_ganze-Bohne;25;33;23;16654.26;5313.11;4294967300.00;1393.61;6259.18;4294967300.00;1337.06;1397.23;5705.56;886.95;1944.40;612.38;1087.33;1203.46;5490.58;4125.17;4871.83;1048.88
1043;Kaefer-G_ganze-Bohne;26;33;23;16596.52;5304.40;4294967300.00;1391.89;6284.51;4294967300.00;1335.86;1395.62;5698.72;890.38;1950.47;611.03;1085.79;1201.87;5509.23;4125.17;4873.24;1047.93
1044;Kaefer-G_ganze-Bohne;26;33;23;16058.18;5228.90;4294967300.00;1378.99;6242.04;4294967300.00;1325.62;1384.35;5654.30;884.99;1939.34;607.42;1078.89;1193.89;5505.18;4125.17;4872.53;1047.93
1045;Kaefer-G_ganze-Bohne;26;33;23;15880.09;5206.63;4294967300.00;1375.55;6226.39;4294967300.00;1322.61;1381.67;5641.77;883.03;1935.29;606.52;1077.35;1191.50;5477.60;4117.32;4865.49;1047.93
1046;Kaefer-G_ganze-Bohne;26;33;23;15371.85;5132.10;4294967300.00;1362.65;6182.43;4294967300.00;1312.98;1371.48;5598.48;878.14;1924.16;602.91;1069.68;1185.12;5484.90;4117.32;4871.83;1047.93
1047;Kaefer-G_ganze-Bohne;26;33;23;15702.00;5177.59;4294967300.00;1371.25;6197.33;4294967300.00;1319.00;1377.92;5624.68;879.61;1927.20;604.26;1074.28;1189.11;5496.25;4120.68;4870.42;1048.88
1048;Kaefer-G_ganze-Bohne;26;33;23;15192.13;5106.93;4294967300.00;1359.20;6185.41;4294967300.00;1309.37;1369.33;5582.54;878.14;1924.16;601.55;1067.38;1181.93;5469.48;4111.72;4867.60;1047.93
1049;Kaefer-G_ganze-Bohne;26;33;23;15876.03;5203.73;4294967300.00;1373.83;6109.40;4294967300.00;1321.41;1381.13;5633.79;868.84;1904.94;605.16;1075.05;1189.90;5473.54;4113.96;4864.08;1047.93
1050;Kaefer-G_ganze-Bohne;26;33;23;16179.35;5234.70;4294967300.00;1378.13;6036.38;4294967300.00;1325.02;1383.82;5650.88;859.54;1886.73;606.97;1077.35;1192.30;5475.16;4117.32;4870.42;1048.88
1051;dm-Bio_ganze-Bohne;22;28;21;12932.26;6311.07;4294967300.00;1508.89;10733.74;4294967300.00;1087.83;1333.93;4804.56;1028.90;1699.58;464.82;921.58;1098.99;5243.95;3656.60;4507.09;1015.36
1052;dm-Bio_ganze-Bohne;23;28;21;12473.62;6270.42;4294967300.00;1519.21;10666.68;4294967300.00;1084.22;1331.25;4793.17;1022.54;1693.51;465.27;922.35;1095.80;5023.29;3611.76;4504.98;1021.10
1053;dm-Bio_ganze-Bohne;23;29;21;12056.45;6205.56;4294967300.00;1513.19;10715.11;4294967300.00;1078.20;1323.74;4765.83;1027.43;1704.63;463.91;919.28;1091.81;4993.28;3596.07;4509.91;1023.02
1054;dm-Bio_ganze-Bohne;23;29;21;11420.53;6087.47;4294967300.00;1494.26;10529.57;4294967300.00;1065.55;1309.26;4710.02;1011.28;1680.35;459.40;910.84;1081.44;4968.94;3588.22;4509.20;1023.98
1055;dm-Bio_ganze-Bohne;23;30;21;11025.31;6011.00;4294967300.00;1483.08;10454.31;4294967300.00;1057.73;1299.61;4671.29;1005.89;1671.25;456.69;905.47;1075.06;4951.09;3581.50;4506.39;1023.98
1056;dm-Bio_ganze-Bohne;23;30;21;10987.09;6005.20;4294967300.00;1483.94;10406.63;4294967300.00;1057.13;1298.53;4667.87;1001.49;1665.18;457.14;904.70;1073.46;4937.30;3575.89;4512.02;1023.98
1057;dm-Bio_ganze-Bohne;23;30;21;10730.12;5954.86;4294967300.00;1474.48;10364.15;4294967300.00;1051.71;1292.10;4641.67;998.06;1660.12;454.89;901.63;1068.68;4925.13;3570.29;4512.72;1025.89
1058;dm-Bio_ganze-Bohne;23;30;21;10809.00;5970.35;4294967300.00;1477.06;10317.95;4294967300.00;1052.91;1293.71;4648.51;994.64;1655.06;455.34;902.40;1069.48;4915.40;3568.05;4509.20;1024.94
1059;dm-Bio_ganze-Bohne;23;31;21;11178.19;6043.91;4294967300.00;1490.82;10406.63;4294967300.00;1060.74;1302.83;4683.82;1001.98;1666.19;458.50;907.77;1075.06;4911.34;3565.80;4509.20;1027.81
1060;dm-Bio_ganze-Bohne;24;31;21;11057.03;6019.72;4294967300.00;1487.38;10421.53;4294967300.00;1057.73;1300.14;4671.29;1002.47;1667.20;457.14;905.47;1073.46;4901.60;3560.20;4514.13;1027.81
1061;dm-Bio_ganze-Bohne;24;31;22;10795.99;5966.48;4294967300.00;1478.78;10411.10;4294967300.00;1052.31;1293.17;4645.09;1002.47;1667.20;454.89;901.63;1067.08;4894.30;3557.96;4514.13;1026.85
1062;dm-Bio_ganze-Bohne;25;31;22;10513.00;5909.37;4294967300.00;1467.60;10257.60;4294967300.00;1046.29;1285.66;4615.47;989.74;1646.97;453.53;897.03;1061.50;4878.89;3553.47;4513.43;1027.81
1063;dm-Bio_ganze-Bohne;24;31;22;10482.10;5900.66;4294967300.00;1466.74;10198.73;4294967300.00;1045.09;1284.05;4609.78;984.36;1639.89;453.08;896.26;1061.50;4869.96;3548.99;4510.61;1027.81
1064;dm-Bio_ganze-Bohne;24;31;22;9611.98;5721.59;4294967300.00;1434.91;10215.12;4294967300.00;1025.82;1260.99;4520.93;986.32;1641.91;446.31;882.45;1044.75;4869.15;3542.26;4510.61;1026.85
1065;dm-Bio_ganze-Bohne;24;31;22;8846.76;5557.03;4294967300.00;1403.94;10036.29;4294967300.00;1007.76;1239.53;4436.64;971.14;1617.63;440.00;869.40;1030.40;4856.17;3535.54;4512.72;1024.94
1066;dm-Bio_ganze-Bohne;25;31;22;9348.50;5656.73;4294967300.00;1421.14;9962.52;4294967300.00;1017.39;1251.87;4484.48;965.27;1608.53;443.15;876.31;1036.78;4851.31;3537.78;4513.43;1026.85
1067;dm-Bio_ganze-Bohne;25;31;22;9987.68;5794.18;4294967300.00;1446.95;10314.23;4294967300.00;1033.05;1270.11;4553.96;994.15;1653.04;448.57;887.05;1050.34;4854.55;3538.90;4514.13;1027.81
1068;dm-Bio_ganze-Bohne;25;32;22;10304.01;5853.23;4294967300.00;1457.27;10070.57;4294967300.00;1039.07;1277.08;4582.44;974.08;1621.68;449.92;890.89;1054.32;4845.63;3536.66;4513.43;1028.77
1069;dm-Bio_ganze-Bohne;24;32;22;10284.49;5853.23;4294967300.00;1458.99;10425.25;4294967300.00;1039.07;1277.08;4582.44;1003.45;1667.20;450.37;891.66;1054.32;4844.00;3533.30;4514.13;1028.77
1070;dm-Bio_ganze-Bohne;25;32;22;9570.51;5706.10;4294967300.00;1433.19;10258.34;4294967300.00;1023.41;1258.31;4508.40;988.76;1644.95;445.41;880.15;1041.56;4830.21;3527.69;4512.02;1027.81
1071;dm-Bio_ganze-Bohne;25;32;22;8632.08;5504.76;4294967300.00;1395.33;10010.96;4294967300.00;1001.14;1231.49;4407.03;968.69;1614.60;437.74;864.03;1021.63;4811.55;3519.84;4510.61;1026.85
1072;dm-Bio_ganze-Bohne;25;32;22;7236.63;5196.95;4294967300.00;1337.70;9693.53;4294967300.00;967.43;1190.73;4246.42;942.26;1573.12;425.55;839.48;995.31;4805.88;3512.00;4509.91;1023.98
1073;dm-Bio_ganze-Bohne;25;32;22;8368.60;5441.85;4294967300.00;1382.43;9900.67;4294967300.00;993.31;1221.83;4371.72;959.39;1599.42;435.03;858.66;1016.04;4814.80;3516.48;4511.32;1025.89
1074;dm-Bio_ganze-Bohne;25;32;22;7800.18;5316.98;4294967300.00;1360.06;9861.18;4294967300.00;980.67;1206.82;4309.07;955.97;1594.36;430.52;848.68;1005.68;4809.93;3513.12;4509.91;1025.89
1075;dm-Bio_ganze-Bohne;25;32;22;8529.62;5472.82;4294967300.00;1386.73;9471.47;4294967300.00;996.93;1226.66;4386.52;923.66;1542.77;435.48;860.19;1018.44;4789.65;3513.12;4503.57;1026.85
1076;dm-Bio_ganze-Bohne;25;32;23;7221.18;5187.27;4294967300.00;1335.12;9878.32;4294967300.00;965.62;1187.51;4239.58;957.44;1596.39;425.10;837.94;992.12;4804.25;3506.39;4506.39;1024.94
1077;dm-Bio_ganze-Bohne;25;32;22;6916.23;5114.68;4294967300.00;1321.35;9572.07;4294967300.00;957.79;1178.93;4200.86;931.98;1556.93;421.94;831.80;984.94;4792.90;3503.03;4506.39;1024.94
1078;dm-Bio_ganze-Bohne;25;32;23;7566.79;5252.13;4294967300.00;1344.58;9235.26;4294967300.00;972.85;1195.55;4270.34;904.08;1514.44;427.36;841.78;997.70;4774.24;3505.27;4504.28;1025.89
1079;dm-Bio_ganze-Bohne;25;32;23;9947.02;5763.21;4294967300.00;1438.35;9870.12;4294967300.00;1027.63;1262.06;4528.91;956.46;1593.35;445.86;881.68;1042.36;4800.20;3517.60;4512.72;1030.68
1080;dm-Bio_ganze-Bohne;26;32;23;10004.75;5775.79;4294967300.00;1444.37;10376.82;4294967300.00;1028.83;1265.28;4535.74;998.55;1658.10;446.76;883.21;1043.16;4804.25;3514.24;4512.72;1030.68
1081;dm-Bio_ganze-Bohne;26;32;23;7685.52;5283.10;4294967300.00;1353.18;9527.36;4294967300.00;975.86;1200.92;4286.29;928.56;1551.87;428.26;844.85;999.29;4765.31;3499.67;4509.91;1026.85
1082;dm-Bio_ganze-Bohne;25;32;23;10786.23;5929.70;4294967300.00;1469.32;9522.14;4294967300.00;1045.09;1284.05;4609.78;927.58;1549.85;451.73;893.19;1055.92;4762.88;3512.00;4505.68;1032.60
1083;dm-Bio_ganze-Bohne;25;33;23;12239.42;6225.89;4294967300.00;1525.23;10566.83;4294967300.00;1075.79;1321.06;4752.16;1014.22;1683.39;463.46;916.98;1079.84;4802.63;3519.84;4516.95;1035.47
1084;dm-Bio_ganze-Bohne;25;33;23;11279.03;6041.01;4294967300.00;1495.12;10583.97;4294967300.00;1056.52;1298.53;4664.45;1015.68;1686.42;456.69;903.93;1066.29;4795.33;3513.12;4516.95;1034.52
1085;dm-Bio_ganze-Bohne;25;33;23;7435.05;5225.99;4294967300.00;1345.44;9599.64;4294967300.00;969.23;1192.87;4254.39;934.43;1560.98;426.01;840.24;994.51;4745.03;3490.70;4504.98;1027.81
1086;dm-Bio_ganze-Bohne;25;33;23;7096.76;5151.46;4294967300.00;1330.82;9789.65;4294967300.00;960.80;1182.68;4215.66;949.60;1584.25;423.30;834.10;987.33;4750.71;3489.58;4511.32;1027.81
1087;dm-Bio_ganze-Bohne;26;33;23;8635.33;5482.50;4294967300.00;1389.31;9460.30;4294967300.00;996.93;1225.05;4386.52;922.68;1540.75;435.93;859.43;1015.25;4756.39;3498.55;4510.61;1030.68
1088;dm-Bio_ganze-Bohne;26;32;23;8343.39;5419.58;4294967300.00;1377.27;9595.17;4294967300.00;990.30;1218.08;4351.21;933.45;1558.96;433.23;854.06;1010.46;4753.14;3494.06;4512.02;1029.73
1089;dm-Bio_ganze-Bohne;26;33;23;9812.03;5734.17;4294967300.00;1436.63;10041.51;4294967300.00;1024.02;1257.77;4510.68;970.16;1615.61;444.96;879.38;1036.78;4763.69;3499.67;4511.32;1032.60
1090;dm-Bio_ganze-Bohne;26;33;23;6960.15;5107.90;4294967300.00;1321.35;9824.67;4294967300.00;954.78;1175.71;4188.33;953.03;1588.29;421.04;829.50;980.95;4751.52;3482.85;4507.09;1027.81
1091;dm-Bio_ganze-Bohne;26;33;23;9315.16;5626.73;4294967300.00;1415.98;9426.77;4294967300.00;1012.58;1244.90;4456.01;919.74;1536.70;440.45;870.17;1028.01;4736.11;3494.06;4504.98;1031.64
1092;dm-Bio_ganze-Bohne;26;33;23;6899.16;5098.22;4294967300.00;1317.91;9162.24;4294967300.00;954.18;1174.63;4183.77;898.21;1503.31;420.59;828.73;979.36;4726.37;3482.85;4502.87;1027.81
1093;dm-Bio_ganze-Bohne;26;33;23;8675.99;5491.21;4294967300.00;1391.03;9629.44;4294967300.00;997.53;1227.20;4387.66;936.39;1561.99;435.48;859.43;1016.04;4732.86;3488.46;4509.20;1030.68
1094;dm-Bio_ganze-Bohne;26;33;23;9541.23;5674.16;4294967300.00;1425.44;9892.48;4294967300.00;1016.79;1250.80;4478.79;956.95;1596.39;442.25;873.24;1030.40;4745.03;3492.94;4510.61;1032.60
1095;dm-Bio_ganze-Bohne;26;33;24;7030.89;5090.48;4294967300.00;1316.19;9287.42;4294967300.00;951.17;1170.34;4168.96;908.00;1519.50;419.69;826.43;977.76;4723.94;3477.25;4508.50;1027.81
1096;dm-Bio_ganze-Bohne;26;33;23;8023.81;5336.34;4294967300.00;1360.06;8660.02;4294967300.00;980.07;1205.74;4307.93;856.60;1439.58;429.16;846.38;1000.89;4700.41;3480.61;4501.46;1028.77
1097;dm-Bio_ganze-Bohne;26;33;23;10230.82;5810.64;4294967300.00;1448.67;9910.36;4294967300.00;1031.24;1267.96;4544.85;959.39;1598.41;447.22;883.21;1042.36;4748.28;3494.06;4504.98;1034.52
1098;dm-Bio_ganze-Bohne;27;33;24;11833.63;6132.00;4294967300.00;1509.75;10383.53;4294967300.00;1064.35;1308.19;4700.90;997.57;1658.10;458.95;907.77;1070.27;4747.47;3497.42;4513.43;1037.39
1099;dm-Bio_ganze-Bohne;26;33;24;12298.78;6227.83;4294967300.00;1528.67;10560.12;4294967300.00;1074.58;1319.99;4746.47;1012.26;1681.37;462.56;915.44;1078.25;4746.65;3497.42;4509.20;1038.35
1100;dm-Bio_ganze-Bohne;27;33;24;11811.67;6134.90;4294967300.00;1514.05;10574.28;4294967300.00;1064.95;1308.73;4702.04;1013.73;1684.40;459.40;909.30;1070.27;4738.54;3494.06;4509.20;1038.35
1101;Eduscho_ganze-Bohne;26;31;23;26058.06;9476.29;4294967300.00;2641.85;19671.70;4294967300.00;1706.69;1669.16;8006.46;1140.01;2838.70;602.00;1226.22;1288.00;5115.78;4733.85;3614.26;878.38
1102;Eduscho_ganze-Bohne;26;31;23;25868.58;9485.00;4294967300.00;2683.14;19726.84;4294967300.00;1708.50;1670.77;8015.57;1143.93;2868.03;605.61;1236.19;1291.99;4927.56;4677.80;3603.70;881.25
1103;Eduscho_ganze-Bohne;26;32;23;25804.34;9482.09;4294967300.00;2699.48;19729.07;4294967300.00;1707.90;1670.77;8014.43;1144.91;2876.13;606.52;1240.03;1293.58;4889.44;4660.99;3608.63;883.17
1104;Eduscho_ganze-Bohne;26;32;23;25570.95;9443.38;4294967300.00;2696.90;19698.52;4294967300.00;1703.68;1667.02;7991.65;1143.44;2874.10;605.61;1237.73;1291.19;4885.38;4652.02;3609.33;883.17
1105;Eduscho_ganze-Bohne;26;33;23;25426.21;9410.46;4294967300.00;2699.48;19647.11;4294967300.00;1700.67;1664.33;7977.98;1141.48;2870.06;605.16;1238.50;1289.59;4861.04;4641.93;3609.33;884.13
1106;Eduscho_ganze-Bohne;26;33;23;25342.45;9392.07;4294967300.00;2696.04;19612.83;4294967300.00;1698.87;1661.65;7966.59;1139.52;2866.01;604.71;1236.96;1288.80;4862.66;4641.93;3610.74;885.09
1107;Eduscho_ganze-Bohne;26;33;23;25283.90;9389.17;4294967300.00;2695.18;19596.44;4294967300.00;1697.06;1660.58;7959.76;1138.55;2863.99;604.26;1236.19;1287.20;4856.98;4637.45;3607.93;885.09
1108;Eduscho_ganze-Bohne;27;33;23;24805.74;9301.08;4294967300.00;2680.56;19538.31;4294967300.00;1688.63;1650.92;7909.64;1135.61;2858.93;601.55;1230.05;1280.82;4831.84;4624.00;3605.81;884.13
1109;Eduscho_ganze-Bohne;27;33;23;24286.92;9201.39;4294967300.00;2658.19;19382.58;4294967300.00;1675.39;1640.20;7854.96;1127.78;2837.68;597.94;1222.38;1273.64;4828.59;4620.64;3605.81;884.13
1110;Eduscho_ganze-Bohne;27;33;23;23935.62;9136.53;4294967300.00;2646.15;19289.44;4294967300.00;1668.16;1632.69;7818.51;1122.88;2826.56;596.14;1217.78;1268.06;4809.12;4612.79;3603.70;884.13
1111;Eduscho_ganze-Bohne;27;33;24;23570.49;9066.84;4294967300.00;2628.08;19179.16;4294967300.00;1659.13;1624.64;7778.65;1117.01;2811.38;592.98;1212.41;1262.48;4809.12;4610.55;3605.11;883.17
1112;Eduscho_ganze-Bohne;27;33;24;23063.06;8969.08;4294967300.00;2604.85;19013.74;4294967300.00;1647.70;1613.92;7723.97;1108.69;2789.12;589.37;1204.73;1254.50;4807.50;4606.06;3604.41;883.17
1113;Eduscho_ganze-Bohne;27;34;24;22504.39;8863.57;4294967300.00;2583.35;18919.85;4294967300.00;1636.26;1602.12;7664.74;1103.30;2778.00;585.76;1196.29;1247.32;4779.10;4594.85;3603.70;882.21
1114;Eduscho_ganze-Bohne;27;34;24;22404.37;8842.27;4294967300.00;2576.47;18831.18;4294967300.00;1633.25;1599.43;7652.21;1098.90;2765.86;584.40;1193.99;1244.13;4781.54;4593.73;3602.29;882.21
1115;Eduscho_ganze-Bohne;27;34;24;22400.30;8838.40;4294967300.00;2575.61;18808.08;4294967300.00;1632.65;1598.90;7648.79;1096.45;2761.81;584.40;1193.99;1244.13;4779.92;4593.73;3607.22;882.21
1116;Eduscho_ganze-Bohne;27;34;24;22231.97;8805.49;4294967300.00;2567.86;18783.49;4294967300.00;1628.43;1595.14;7628.29;1096.45;2757.76;583.05;1190.92;1240.94;4775.05;4589.25;3603.70;882.21
1117;Eduscho_ganze-Bohne;27;34;24;22210.01;8800.65;4294967300.00;2566.14;18752.19;4294967300.00;1627.83;1594.07;7623.73;1094.49;2753.72;582.60;1190.15;1240.15;4775.86;4589.25;3607.22;883.17
1118;Eduscho_ganze-Bohne;27;34;24;22197.00;8796.78;4294967300.00;2565.28;18743.25;4294967300.00;1627.23;1593.53;7620.32;1094.00;2751.69;582.60;1190.15;1240.15;4767.75;4585.89;3605.81;883.17
1119;Eduscho_ganze-Bohne;27;34;24;22170.98;8791.94;4294967300.00;2567.86;18735.05;4294967300.00;1626.02;1593.00;7618.04;1093.51;2752.71;582.60;1190.15;1239.35;4747.47;4579.16;3603.00;883.17
1120;Eduscho_ganze-Bohne;27;34;24;22161.22;8782.26;4294967300.00;2565.28;18726.86;4294967300.00;1625.42;1592.46;7614.62;1093.51;2750.68;582.15;1189.39;1238.55;4749.90;4578.04;3603.70;883.17
1121;Eduscho_ganze-Bohne;27;34;24;22136.83;8774.52;4294967300.00;2562.70;18720.90;4294967300.00;1624.82;1591.39;7608.93;1091.55;2748.66;581.70;1187.85;1237.75;4759.63;4579.16;3605.11;884.13
1122;Eduscho_ganze-Bohne;27;35;24;22113.24;8770.65;4294967300.00;2564.42;18709.72;4294967300.00;1624.22;1590.32;7605.51;1092.53;2748.66;581.70;1187.85;1236.96;4733.67;4570.19;3606.52;884.13
1123;Eduscho_ganze-Bohne;28;34;24;22118.94;8776.45;4294967300.00;2562.70;18705.25;4294967300.00;1623.62;1590.32;7603.23;1092.04;2746.64;581.70;1187.85;1236.96;4740.16;4572.43;3603.70;884.13
1124;Eduscho_ganze-Bohne;28;35;24;22082.34;8766.77;4294967300.00;2560.12;18699.29;4294967300.00;1622.41;1589.24;7597.54;1091.55;2745.62;581.25;1186.32;1235.36;4742.60;4572.43;3608.63;884.13
1125;Eduscho_ganze-Bohne;28;34;24;22028.67;8756.13;4294967300.00;2557.54;18675.44;4294967300.00;1620.61;1587.63;7590.70;1090.58;2742.59;580.79;1185.55;1234.56;4744.22;4570.19;3607.93;884.13
1126;Eduscho_ganze-Bohne;28;34;24;21999.40;8749.35;4294967300.00;2555.82;18664.27;4294967300.00;1620.00;1586.56;7586.14;1089.60;2739.55;580.34;1184.78;1233.77;4734.49;4566.83;3604.41;884.13
1127;Eduscho_ganze-Bohne;27;34;24;21940.85;8740.64;4294967300.00;2553.24;18650.85;4294967300.00;1618.80;1585.49;7579.31;1089.11;2739.55;579.89;1184.01;1232.97;4735.30;4566.83;3605.11;884.13
1128;Eduscho_ganze-Bohne;28;35;24;21874.16;8723.22;4294967300.00;2549.80;18631.48;4294967300.00;1616.39;1583.34;7569.06;1087.15;2736.52;579.44;1183.25;1231.37;4731.24;4563.47;3605.11;883.17
1129;Eduscho_ganze-Bohne;28;34;25;21750.56;8700.95;4294967300.00;2544.64;18597.20;4294967300.00;1613.98;1581.20;7554.25;1085.19;2732.47;578.99;1180.94;1228.98;4723.94;4561.22;3605.11;884.13
1130;Eduscho_ganze-Bohne;28;35;25;21631.83;8675.79;4294967300.00;2539.47;18566.65;4294967300.00;1610.97;1577.98;7539.44;1083.72;2728.43;578.09;1179.41;1227.39;4719.07;4558.98;3603.70;883.17
1131;Eduscho_ganze-Bohne;28;35;25;21315.50;8614.80;4294967300.00;2524.85;18518.96;4294967300.00;1603.75;1571.01;7506.41;1080.79;2721.34;575.83;1174.04;1222.60;4716.64;4555.62;3606.52;882.21
1132;Eduscho_ganze-Bohne;28;35;25;21134.16;8578.99;4294967300.00;2517.11;18426.57;4294967300.00;1599.54;1567.25;7485.91;1076.38;2709.20;574.48;1171.74;1220.21;4713.39;4554.50;3606.52;883.17
1133;Eduscho_ganze-Bohne;28;35;25;20325.03;8426.05;4294967300.00;2482.70;18402.72;4294967300.00;1581.48;1550.09;7399.34;1074.91;2706.17;568.16;1160.23;1208.25;4715.02;4548.89;3607.22;882.21
1134;Eduscho_ganze-Bohne;28;35;25;16989.29;7780.43;4294967300.00;2337.31;17331.21;4294967300.00;1505.62;1477.14;7033.70;1020.09;2569.60;544.69;1110.35;1159.60;4650.93;4524.23;3600.89;876.46
1135;Eduscho_ganze-Bohne;28;35;25;16493.24;7679.76;4294967300.00;2309.79;17159.83;4294967300.00;1492.38;1465.34;6973.33;1011.28;2546.33;541.53;1101.91;1150.82;4652.55;4523.11;3601.59;875.51
1136;Eduscho_ganze-Bohne;28;34;25;15525.54;7487.14;4294967300.00;2264.19;17045.82;4294967300.00;1470.10;1442.82;6860.56;1004.92;2530.14;533.41;1086.56;1136.47;4649.30;4518.63;3601.59;874.55
1137;Eduscho_ganze-Bohne;28;35;25;14600.94;7296.45;4294967300.00;2220.32;16662.07;4294967300.00;1446.63;1420.83;6750.07;985.34;2480.57;526.19;1070.45;1120.52;4619.29;4506.30;3598.07;872.63
1138;Eduscho_ganze-Bohne;28;35;25;16112.67;7601.36;4294967300.00;2287.42;16849.85;4294967300.00;1483.35;1456.23;6925.49;994.64;2503.84;537.92;1094.23;1143.65;4635.51;4516.39;3600.89;875.51
1139;Eduscho_ganze-Bohne;28;35;25;16006.95;7580.06;4294967300.00;2282.26;17001.86;4294967300.00;1480.94;1453.54;6914.10;1002.47;2523.06;537.02;1092.70;1142.05;4645.25;4516.39;3602.29;875.51
1140;Eduscho_ganze-Bohne;28;35;25;16387.53;7655.56;4294967300.00;2299.46;17056.25;4294967300.00;1489.37;1461.59;6956.24;1005.40;2529.13;539.28;1098.07;1146.84;4641.19;4516.39;3600.18;876.46
1141;Eduscho_ganze-Bohne;29;35;25;16564.81;7686.54;4294967300.00;2306.35;17109.16;4294967300.00;1492.98;1464.27;6973.33;1008.34;2536.21;540.18;1100.37;1150.03;4650.93;4518.63;3603.00;876.46
1142;Eduscho_ganze-Bohne;28;35;25;16523.33;7683.63;4294967300.00;2308.07;17118.10;4294967300.00;1492.38;1464.81;6972.19;1008.34;2538.23;540.18;1100.37;1150.03;4629.02;4511.90;3598.77;875.51
1143;Eduscho_ganze-Bohne;28;35;25;16560.74;7686.54;4294967300.00;2308.07;17122.57;4294967300.00;1492.98;1463.73;6973.33;1008.83;2538.23;540.18;1100.37;1148.43;4633.89;4513.02;3600.18;875.51
1144;Eduscho_ganze-Bohne;29;35;25;16571.31;7680.73;4294967300.00;2307.21;17115.87;4294967300.00;1492.98;1465.34;6973.33;1009.32;2537.22;540.18;1100.37;1148.43;4643.63;4514.14;3601.59;875.51
1145;Eduscho_ganze-Bohne;28;35;25;16514.39;7678.79;4294967300.00;2307.21;17118.85;4294967300.00;1491.78;1464.27;6968.77;1008.34;2538.23;540.18;1099.61;1148.43;4623.34;4507.42;3598.77;875.51
1146;Eduscho_ganze-Bohne;28;35;25;16484.30;7669.11;4294967300.00;2302.90;17090.53;4294967300.00;1490.57;1462.66;6960.80;1006.87;2533.18;540.18;1098.84;1146.84;4633.89;4508.54;3597.36;875.51
1147;Eduscho_ganze-Bohne;28;35;25;16392.41;7647.82;4294967300.00;2297.74;17076.37;4294967300.00;1488.16;1460.52;6941.44;1006.38;2531.15;539.28;1097.30;1146.04;4633.08;4508.54;3600.89;875.51
1148;Eduscho_ganze-Bohne;28;35;25;16176.91;7605.23;4294967300.00;2288.28;17027.94;4294967300.00;1482.75;1455.15;6922.07;1003.45;2525.08;537.47;1093.47;1142.05;4629.02;4506.30;3595.96;874.55
1149;Eduscho_ganze-Bohne;28;35;25;15845.94;7537.47;4294967300.00;2272.80;16993.66;4294967300.00;1474.32;1446.03;6883.34;1001.98;2520.03;534.76;1088.10;1137.27;4624.97;4504.05;3600.18;874.55
1150;Eduscho_ganze-Bohne;29;35;25;14256.96;7213.21;4294967300.00;2197.95;16501.13;4294967300.00;1435.19;1410.10;6691.98;976.53;2457.30;523.03;1062.01;1111.75;4607.93;4493.97;3598.07;871.67
1151;RReweEWE-Bio_Ggemahlen;26;31;24;17909.83;6716.64;4294967300.00;2020.74;12266.49;4294967300.00;1933.65;2440.45;9574.94;1940.81;4098.20;910.23;1729.60;1673.20;8120.66;7661.83;6973.63;1868.83
1152;RReweEWE-Bio_Ggemahlen;26;32;24;17406.46;6663.41;4294967300.00;2037.09;12249.36;4294967300.00;1928.83;2434.55;9551.02;1941.30;4119.45;912.48;1736.50;1671.61;7816.44;7571.03;6961.67;1882.24
1153;RReweEWE-Bio_Ggemahlen;26;33;24;17537.39;6704.06;4294967300.00;2051.71;12229.98;4294967300.00;1934.85;2442.60;9585.20;1938.86;4119.45;915.19;1744.94;1677.99;7783.99;7554.21;6965.89;1886.07
1154;RReweEWE-Bio_Ggemahlen;26;33;24;17404.03;6691.48;4294967300.00;2056.87;12294.06;4294967300.00;1933.05;2440.99;9577.22;1948.65;4143.73;915.64;1746.48;1677.99;7732.88;7528.43;6959.55;1889.91
1155;RReweEWE-Bio_Ggemahlen;26;33;24;17064.92;6630.50;4294967300.00;2049.13;12210.61;4294967300.00;1924.02;2429.72;9529.38;1936.90;4119.45;912.48;1740.34;1671.61;7709.36;7513.86;6966.59;1891.82
1156;RReweEWE-Bio_Ggemahlen;26;33;24;17122.66;6645.98;4294967300.00;2050.85;12224.02;4294967300.00;1925.22;2430.80;9535.08;1938.37;4124.51;912.93;1741.11;1672.40;7734.51;7516.10;6964.48;1892.78
1157;RReweEWE-Bio_Ggemahlen;26;34;24;17499.98;6712.77;4294967300.00;2067.19;12249.36;4294967300.00;1936.66;2444.74;9592.03;1942.28;4134.62;917.90;1751.08;1679.58;7687.45;7509.37;6963.07;1895.65
1158;RReweEWE-Bio_Ggemahlen;27;34;24;17408.09;6693.41;4294967300.00;2066.33;12288.85;4294967300.00;1934.25;2442.60;9579.50;1946.20;4147.77;917.45;1750.31;1676.39;7677.72;7501.53;6964.48;1896.61
1159;RReweEWE-Bio_Ggemahlen;27;34;24;17187.71;6650.82;4294967300.00;2056.87;12261.28;4294967300.00;1927.03;2432.94;9540.77;1941.79;4137.66;913.84;1743.41;1672.40;7706.11;7501.53;6974.34;1895.65
1160;RReweEWE-Bio_Ggemahlen;27;34;24;17446.31;6698.25;4294967300.00;2068.05;12256.81;4294967300.00;1934.85;2443.13;9581.78;1941.30;4134.62;918.35;1750.31;1677.99;7663.93;7493.68;6971.52;1897.57
1161;RReweEWE-Bio_Ggemahlen;27;34;24;17490.22;6707.93;4294967300.00;2071.50;12294.06;4294967300.00;1936.06;2444.21;9588.61;1946.69;4147.77;919.25;1751.85;1678.78;7654.19;7485.83;6970.82;1899.48
1162;RReweEWE-Bio_Ggemahlen;27;34;24;17435.74;6700.19;4294967300.00;2067.19;12290.34;4294967300.00;1933.65;2440.99;9573.81;1947.67;4146.76;917.90;1749.55;1677.19;7682.59;7490.32;6972.93;1899.48
1163;RReweEWE-Bio_Ggemahlen;27;34;24;17446.31;6696.32;4294967300.00;2069.78;12285.12;4294967300.00;1933.65;2441.52;9574.94;1945.22;4142.71;918.35;1750.31;1677.19;7635.53;7479.11;6969.41;1901.40
1164;RReweEWE-Bio_Ggemahlen;27;34;24;16513.57;6534.67;4294967300.00;2037.09;12127.90;4294967300.00;1906.56;2407.73;9434.84;1924.17;4098.20;905.71;1727.29;1655.66;7619.31;7466.78;6968.71;1899.48
1165;RReweEWE-Bio_Ggemahlen;27;34;24;16806.33;6588.87;4294967300.00;2047.41;12165.90;4294967300.00;1914.99;2417.92;9475.85;1927.60;4110.34;910.23;1734.20;1662.04;7616.06;7464.53;6968.71;1899.48
1166;RReweEWE-Bio_Ggemahlen;27;34;24;16167.15;6473.69;4294967300.00;2021.60;12045.93;4294967300.00;1895.12;2393.25;9373.33;1911.93;4069.88;901.65;1717.32;1647.68;7625.80;7461.17;6969.41;1898.53
1167;RReweEWE-Bio_Ggemahlen;28;34;24;16494.06;6528.86;4294967300.00;2034.50;12002.71;4294967300.00;1905.36;2405.59;9424.59;1903.61;4058.75;905.71;1724.99;1654.86;7594.97;7452.20;6966.59;1901.40
1168;RReweEWE-Bio_Ggemahlen;28;34;24;16198.05;6472.72;4294967300.00;2021.60;12035.50;4294967300.00;1895.12;2393.25;9373.33;1908.51;4064.82;901.65;1717.32;1646.88;7620.93;7457.81;6969.41;1898.53
1169;RReweEWE-Bio_Ggemahlen;27;34;24;15123.01;6288.81;4294967300.00;1982.89;11797.80;4294967300.00;1863.22;2354.10;9208.17;1873.75;3995.01;887.21;1691.23;1623.75;7571.44;7440.99;6966.59;1898.53
1170;RReweEWE-Bio_Ggemahlen;27;34;24;15146.59;6290.74;4294967300.00;1981.17;11844.00;4294967300.00;1863.22;2354.10;9208.17;1880.61;4007.15;887.21;1689.69;1623.75;7606.33;7447.72;6970.82;1898.53
1171;RReweEWE-Bio_Ggemahlen;27;34;25;15451.54;6345.92;4294967300.00;1994.07;11842.51;4294967300.00;1872.85;2365.36;9256.01;1880.12;4006.14;891.72;1697.37;1629.34;7566.58;7437.63;6959.55;1900.44
1172;RReweEWE-Bio_Ggemahlen;27;34;25;15715.83;6382.70;4294967300.00;2001.82;11920.75;4294967300.00;1879.47;2373.94;9292.46;1891.38;4029.41;893.98;1702.74;1634.92;7590.92;7443.24;6962.37;1900.44
1173;RReweEWE-Bio_Ggemahlen;28;35;25;15932.95;6428.19;4294967300.00;2011.28;11941.61;4294967300.00;1886.09;2381.99;9326.63;1894.31;4038.51;896.69;1708.88;1638.91;7568.20;7435.39;6968.00;1901.40
1174;RReweEWE-Bio_Ggemahlen;28;35;25;15720.71;6390.44;4294967300.00;2003.54;11950.55;4294967300.00;1878.27;2374.48;9292.46;1895.78;4039.53;894.88;1703.51;1634.12;7584.42;7439.87;6965.19;1901.40
1175;RReweEWE-Bio_Ggemahlen;28;34;25;15501.15;6350.76;4294967300.00;1995.79;11884.98;4294967300.00;1872.85;2365.90;9257.15;1885.99;4021.32;890.82;1698.14;1629.34;7553.60;7427.54;6968.71;1902.36
1176;RReweEWE-Bio_Ggemahlen;28;34;25;15388.11;6322.69;4294967300.00;1988.91;11835.06;4294967300.00;1868.63;2360.53;9234.37;1878.65;4004.12;889.92;1693.53;1626.15;7573.88;7432.03;6961.67;1900.44
1177;RReweEWE-Bio_Ggemahlen;28;35;25;15162.04;6280.10;4294967300.00;1979.45;11712.11;4294967300.00;1861.41;2349.27;9195.64;1860.54;3965.68;886.76;1686.62;1620.56;7571.44;7427.54;6966.59;1899.48
1178;RReweEWE-Bio_Ggemahlen;28;34;25;12925.75;5881.30;4294967300.00;1893.42;11361.15;4294967300.00;1791.58;2265.06;8834.55;1809.63;3857.43;856.52;1629.07;1569.52;7546.30;7409.61;6959.55;1894.70
1179;RReweEWE-Bio_Ggemahlen;28;35;25;13638.11;6009.07;4294967300.00;1920.09;11320.17;4294967300.00;1813.85;2290.27;8948.46;1803.27;3842.25;865.55;1646.72;1583.88;7496.81;7404.00;6953.92;1897.57
1180;RReweEWE-Bio_Ggemahlen;28;35;25;8853.27;5081.77;4294967300.00;1720.51;11054.15;4294967300.00;1645.29;2083.77;8063.41;1764.60;3763.35;795.15;1509.37;1463.45;7474.91;7356.92;6951.10;1886.07
1181;RReweEWE-Bio_Ggemahlen;28;34;25;5908.68;4445.82;4294967300.00;1566.53;8893.25;4294967300.00;1521.88;1928.76;7417.56;1450.35;3094.64;741.90;1402.71;1370.94;7345.92;7324.41;6935.61;1875.54
1182;RReweEWE-Bio_Ggemahlen;28;34;25;9564.81;5216.31;4294967300.00;1737.72;9508.73;4294967300.00;1669.97;2113.27;8202.38;1539.43;3282.81;803.27;1521.65;1476.21;7358.08;7353.56;6936.32;1885.12
1183;RReweEWE-Bio_Ggemahlen;28;35;25;6860.94;4652.96;4294967300.00;1615.56;10188.30;4294967300.00;1561.61;1979.72;7641.96;1637.82;3492.22;759.50;1437.24;1401.25;7404.33;7331.14;6944.06;1878.41
1184;RReweEWE-Bio_Ggemahlen;28;35;25;7979.08;4890.11;4294967300.00;1668.04;9859.69;4294967300.00;1609.77;2038.72;7886.86;1589.85;3390.05;778.45;1474.07;1433.15;7391.35;7342.35;6940.54;1883.20
1185;RReweEWE-Bio_Ggemahlen;28;35;25;8784.96;5065.31;4294967300.00;1706.75;10042.25;4294967300.00;1642.88;2080.02;8058.85;1616.28;3444.68;791.99;1501.69;1457.87;7388.91;7345.71;6941.95;1885.12
1186;RReweEWE-Bio_Ggemahlen;27;34;25;7129.29;4703.30;4294967300.00;1624.16;9607.83;4294967300.00;1570.64;1990.98;7682.96;1553.63;3312.15;762.21;1442.61;1404.44;7359.71;7326.66;6937.02;1879.37
1187;RReweEWE-Bio_Ggemahlen;28;35;25;10608.96;5427.33;4294967300.00;1785.89;10535.53;4294967300.00;1709.10;2162.08;8403.99;1687.75;3594.40;819.97;1555.41;1504.92;7420.55;7362.53;6946.17;1891.82
1188;RReweEWE-Bio_Ggemahlen;27;34;25;8275.08;4958.84;4294967300.00;1686.96;10490.08;4294967300.00;1623.01;2055.34;7954.06;1681.39;3584.28;784.32;1486.35;1444.31;7428.66;7341.23;6947.58;1883.20
1189;RReweEWE-Bio_Ggemahlen;28;35;25;13843.04;6029.40;4294967300.00;1913.21;9954.32;4294967300.00;1815.05;2293.49;8956.43;1603.56;3415.34;864.20;1642.12;1581.49;7372.69;7387.19;6946.88;1897.57
1190;RReweEWE-Bio_Ggemahlen;28;35;25;13568.99;5992.61;4294967300.00;1914.07;11585.44;4294967300.00;1809.64;2284.91;8927.96;1840.47;3919.14;863.29;1641.35;1579.89;7487.89;7386.07;6962.37;1900.44
1191;RReweEWE-Bio_Ggemahlen;28;35;25;11370.11;5584.14;4294967300.00;1828.04;11180.83;4294967300.00;1738.00;2198.01;8553.21;1782.71;3798.75;833.51;1583.03;1526.46;7452.19;7364.77;6955.33;1892.78
1192;RReweEWE-Bio_Ggemahlen;28;35;25;11071.67;5521.22;4294967300.00;1811.70;10880.53;4294967300.00;1725.96;2183.53;8491.70;1738.17;3704.67;828.09;1572.29;1519.28;7470.85;7369.25;6953.22;1891.82
1193;RReweEWE-Bio_Ggemahlen;28;35;25;11018.81;5501.86;4294967300.00;1805.68;10883.51;4294967300.00;1720.54;2176.56;8454.11;1738.66;3704.67;825.84;1566.92;1514.49;7436.78;7359.16;6949.69;1892.78
1194;RReweEWE-Bio_Ggemahlen;28;35;25;14809.12;6214.27;4294967300.00;1959.66;11675.60;4294967300.00;1846.96;2333.71;9120.46;1853.68;3946.45;879.09;1672.05;1607.01;7529.26;7400.64;6962.37;1901.40
1195;RReweEWE-Bio_Ggemahlen;28;35;25;11480.70;5598.66;4294967300.00;1828.90;11045.21;4294967300.00;1738.60;2199.62;8561.18;1763.13;3757.28;834.41;1583.80;1528.85;7487.07;7373.74;6964.48;1892.78
1196;RReweEWE-Bio_Ggemahlen;28;35;25;7532.64;4804.93;4294967300.00;1656.85;10875.32;4294967300.00;1592.91;2018.33;7795.73;1737.68;3703.66;772.59;1463.33;1423.58;7423.80;7323.29;6951.10;1882.24
1197;RReweEWE-Bio_Ggemahlen;29;35;25;8841.07;5072.09;4294967300.00;1711.05;9859.69;4294967300.00;1644.08;2081.09;8054.30;1590.34;3390.05;792.89;1501.69;1456.28;7352.41;7336.74;6948.99;1887.03
1198;RReweEWE-Bio_Ggemahlen;28;35;25;11517.30;5592.85;4294967300.00;1821.16;10095.90;4294967300.00;1736.79;2196.94;8549.79;1624.12;3461.87;831.70;1578.43;1524.86;7374.31;7358.04;6944.77;1893.74
1199;RReweEWE-Bio_Ggemahlen;28;35;25;11976.75;5688.67;4294967300.00;1851.27;11432.68;4294967300.00;1757.26;2221.61;8653.44;1818.44;3870.58;841.18;1597.61;1540.81;7465.98;7364.77;6966.59;1896.61
1200;RReweEWE-Bio_Ggemahlen;29;35;25;9645.32;5236.64;4294967300.00;1748.90;10724.80;4294967300.00;1672.98;2118.10;8217.18;1716.14;3656.11;805.98;1527.78;1479.40;7441.64;7349.07;6952.51;1888.95
1201;Melitta-Harmonie-mild_gemahlen;26;31;24;9826.66;3266.85;4294967300.00;1462.43;7892.52;4294967300.00;1406.29;1684.72;6385.57;1368.60;2980.33;640.81;1220.08;1272.05;5992.74;6238.19;4659.18;1418.63
1202;Melitta-Harmonie-mild_gemahlen;26;32;24;8379.99;3090.68;4294967300.00;1428.02;7507.29;4294967300.00;1370.77;1642.88;6216.99;1309.87;2863.99;628.63;1197.06;1244.93;5728.27;6150.76;4638.06;1424.37
1203;Melitta-Harmonie-mild_gemahlen;26;32;24;10085.26;3324.93;4294967300.00;1495.98;7338.88;4294967300.00;1421.94;1702.42;6464.17;1283.92;2810.37;648.94;1236.96;1281.62;5670.67;6140.67;4637.35;1431.08
1204;Melitta-Harmonie-mild_gemahlen;26;33;24;8240.12;3084.87;4294967300.00;1438.35;8260.62;4294967300.00;1370.77;1643.95;6219.27;1426.36;3119.93;630.43;1200.90;1244.93;5725.03;6118.25;4647.92;1430.12
1205;Melitta-Harmonie-mild_gemahlen;26;33;24;16027.28;4105.10;4294967300.00;1715.35;8077.32;4294967300.00;1586.89;1896.04;7253.54;1397.97;3059.24;714.82;1367.41;1402.84;5716.10;6169.81;4647.21;1446.41
1206;Melitta-Harmonie-mild_gemahlen;26;33;24;17257.65;4267.72;4294967300.00;1765.24;8896.97;4294967300.00;1618.80;1933.05;7406.17;1524.75;3337.44;728.36;1395.03;1427.56;5750.99;6165.33;4653.55;1450.24
1207;Melitta-Harmonie-mild_gemahlen;27;33;24;16670.52;4198.02;4294967300.00;1749.76;8852.26;4294967300.00;1605.56;1918.03;7341.25;1518.39;3325.30;723.85;1385.83;1418.79;5759.10;6164.21;4656.37;1451.19
1208;Melitta-Harmonie-mild_gemahlen;26;33;24;10230.01;3369.45;4294967300.00;1529.53;8627.98;4294967300.00;1435.79;1719.58;6529.10;1484.12;3250.44;657.06;1255.38;1294.38;5738.01;6118.25;4654.25;1438.74
1209;Melitta-Harmonie-mild_gemahlen;27;34;24;9487.56;3265.88;4294967300.00;1495.98;7604.15;4294967300.00;1412.91;1693.30;6418.61;1324.06;2906.48;647.13;1234.66;1275.24;5626.05;6099.19;4640.88;1437.78
1210;Melitta-Harmonie-mild_gemahlen;26;33;24;10694.34;3425.59;4294967300.00;1539.86;8010.25;4294967300.00;1446.63;1732.45;6580.35;1387.69;3040.01;660.67;1261.52;1300.76;5666.62;6109.28;4644.40;1440.66
1211;Melitta-Harmonie-mild_gemahlen;27;34;24;10075.50;3345.25;4294967300.00;1515.77;7586.27;4294967300.00;1428.57;1711.00;6493.79;1321.12;2898.38;653.45;1246.17;1285.61;5616.32;6098.07;4640.88;1439.70
1212;Melitta-Harmonie-mild_gemahlen;27;34;24;12927.38;3723.73;4294967300.00;1621.58;8483.42;4294967300.00;1509.23;1805.93;6883.34;1459.16;3197.83;685.49;1309.86;1344.62;5699.88;6119.37;4651.44;1445.45
1213;Melitta-Harmonie-mild_gemahlen;27;34;24;16620.92;4186.41;4294967300.00;1743.74;8135.44;4294967300.00;1601.94;1913.21;7321.88;1405.80;3082.50;721.59;1380.45;1412.41;5676.35;6141.79;4648.62;1453.11
1214;Melitta-Harmonie-mild_gemahlen;27;34;24;12228.84;3625.96;4294967300.00;1597.49;8544.52;4294967300.00;1487.56;1781.26;6779.69;1470.91;3221.10;677.37;1294.51;1329.47;5703.12;6111.52;4652.14;1445.45
1215;Melitta-Harmonie-mild_gemahlen;27;34;24;16560.74;4175.76;4294967300.00;1742.88;8244.97;4294967300.00;1600.14;1909.99;7313.91;1422.94;3118.92;721.14;1379.69;1411.61;5669.05;6136.19;4649.32;1453.11
1216;Melitta-Harmonie-mild_gemahlen;27;34;24;15252.31;4017.02;4294967300.00;1705.89;8770.30;4294967300.00;1569.44;1875.66;7166.97;1504.19;3295.96;709.41;1357.43;1390.08;5716.92;6129.46;4659.18;1452.15
1217;Melitta-Harmonie-mild_gemahlen;27;34;25;15606.05;4062.51;4294967300.00;1717.07;8610.09;4294967300.00;1577.86;1885.85;7206.84;1480.70;3242.34;713.02;1364.34;1396.46;5698.26;6130.58;4652.85;1452.15
1218;Melitta-Harmonie-mild_gemahlen;27;34;24;13438.88;3788.58;4294967300.00;1643.95;8402.20;4294967300.00;1523.08;1821.49;6944.85;1446.92;3173.55;691.36;1319.83;1354.99;5677.16;6109.28;4649.32;1447.36
1219;Melitta-Harmonie-mild_gemahlen;27;34;24;12053.19;3606.60;4294967300.00;1594.91;8668.21;4294967300.00;1482.14;1773.22;6753.49;1489.51;3259.54;676.01;1291.44;1327.08;5695.82;6100.31;4652.85;1446.41
1220;Melitta-Harmonie-mild_gemahlen;27;34;24;9960.84;3326.86;4294967300.00;1516.63;8314.27;4294967300.00;1424.35;1704.56;6472.14;1433.22;3142.19;652.10;1244.63;1284.01;5666.62;6082.38;4650.73;1442.57
1221;Melitta-Harmonie-mild_gemahlen;27;34;24;17753.70;4323.86;4294967300.00;1783.31;8665.23;4294967300.00;1626.63;1943.24;7441.48;1488.53;3258.53;731.97;1401.94;1430.75;5666.62;6124.98;4648.62;1456.94
1222;Melitta-Harmonie-mild_gemahlen;27;35;24;15623.13;4065.41;4294967300.00;1718.79;8651.08;4294967300.00;1577.26;1885.32;7204.56;1485.10;3256.51;713.02;1364.34;1395.66;5681.22;6114.89;4652.14;1453.11
1223;Melitta-Harmonie-mild_gemahlen;27;34;25;14119.53;3872.79;4294967300.00;1666.32;8224.11;4294967300.00;1539.33;1839.19;7023.45;1419.02;3112.85;697.67;1332.88;1366.95;5650.39;6105.92;4652.14;1451.19
1224;Melitta-Harmonie-mild_gemahlen;27;34;25;14665.18;3941.52;4294967300.00;1683.52;8346.31;4294967300.00;1552.58;1854.74;7086.10;1438.11;3153.32;702.64;1343.62;1376.52;5657.69;6108.16;4654.25;1451.19
1225;Melitta-Harmonie-mild_gemahlen;27;34;25;16031.35;4113.81;4294967300.00;1729.97;8562.40;4294967300.00;1586.29;1895.51;7246.70;1471.40;3225.15;716.18;1369.71;1399.65;5669.86;6113.77;4651.44;1454.07
1226;Melitta-Harmonie-mild_gemahlen;28;35;25;17060.86;4237.71;4294967300.00;1764.38;8768.06;4294967300.00;1610.97;1923.93;7362.89;1503.21;3294.95;727.01;1389.66;1419.59;5685.28;6120.49;4657.07;1457.90
1227;Melitta-Harmonie-mild_gemahlen;28;35;25;17565.04;4303.53;4294967300.00;1781.59;8823.95;4294967300.00;1623.01;1937.88;7418.70;1512.02;3314.17;731.52;1398.87;1427.56;5688.52;6120.49;4657.77;1456.94
1228;Melitta-Harmonie-mild_gemahlen;28;34;25;15872.78;4096.39;4294967300.00;1728.25;8676.41;4294967300.00;1582.68;1891.22;7227.34;1489.02;3264.60;715.73;1368.18;1398.85;5671.49;6108.16;4655.66;1455.03
1229;Melitta-Harmonie-mild_gemahlen;28;35;25;19487.43;4536.81;4294967300.00;1843.53;9162.24;4294967300.00;1666.36;1988.83;7626.01;1563.91;3427.48;749.12;1433.40;1459.47;5710.43;6129.46;4662.00;1460.77
1230;Melitta-Harmonie-mild_gemahlen;28;35;25;19497.19;4539.71;4294967300.00;1846.11;9162.24;4294967300.00;1665.76;1987.76;7629.43;1565.87;3429.50;749.57;1435.70;1461.06;5706.37;6127.22;4657.07;1463.65
1231;Melitta-Harmonie-mild_gemahlen;28;35;25;19407.74;4528.10;4294967300.00;1843.53;9158.52;4294967300.00;1664.55;1985.62;7616.90;1563.42;3427.48;747.77;1433.40;1458.67;5703.12;6124.98;4661.29;1462.69
1232;Melitta-Harmonie-mild_gemahlen;28;35;25;19332.93;4521.32;4294967300.00;1841.81;9144.36;4294967300.00;1663.35;1985.62;7610.06;1561.46;3422.42;748.22;1431.87;1456.28;5699.07;6123.86;4659.89;1461.73
1233;Melitta-Harmonie-mild_gemahlen;28;35;25;19067.82;4484.54;4294967300.00;1834.07;9149.57;4294967300.00;1656.73;1978.11;7580.45;1561.95;3424.44;745.51;1427.26;1453.08;5698.26;6118.25;4660.59;1462.69
1234;Melitta-Harmonie-mild_gemahlen;28;35;25;18844.20;4461.31;4294967300.00;1827.18;9094.43;4294967300.00;1651.91;1972.21;7555.39;1553.63;3405.22;743.70;1423.43;1449.10;5686.09;6117.13;4655.66;1462.69
1235;Melitta-Harmonie-mild_gemahlen;28;35;25;18420.52;4410.01;4294967300.00;1813.42;9049.72;4294967300.00;1640.47;1960.41;7507.55;1546.29;3390.05;738.74;1415.75;1441.92;5684.47;6112.65;4657.77;1461.73
1236;Melitta-Harmonie-mild_gemahlen;28;35;25;18036.69;4361.61;4294967300.00;1800.52;9010.98;4294967300.00;1632.65;1949.68;7464.27;1540.41;3376.89;735.13;1408.08;1434.74;5681.22;6109.28;4659.89;1459.82
1237;Melitta-Harmonie-mild_gemahlen;28;35;25;18009.04;4354.83;4294967300.00;1799.65;8994.58;4294967300.00;1632.04;1948.61;7460.85;1537.97;3371.84;735.13;1407.31;1434.74;5676.35;6107.04;4654.25;1459.82
1238;Melitta-Harmonie-mild_gemahlen;28;35;25;17712.23;4317.08;4294967300.00;1790.19;8931.99;4294967300.00;1624.82;1940.56;7418.70;1528.18;3350.59;731.97;1401.94;1429.16;5670.67;6104.80;4654.25;1460.77
1239;Melitta-Harmonie-mild_gemahlen;28;35;25;17068.99;4245.45;4294967300.00;1770.41;8932.74;4294967300.00;1609.77;1923.40;7356.05;1528.18;3349.58;726.10;1390.43;1416.40;5669.05;6099.19;4659.18;1458.86
1240;Melitta-Harmonie-mild_gemahlen;29;35;25;16468.85;4169.95;4294967300.00;1749.76;8806.06;4294967300.00;1595.32;1904.62;7286.57;1508.60;3308.10;720.24;1378.92;1406.83;5656.07;6093.59;4653.55;1457.90
1241;Melitta-Harmonie-mild_gemahlen;28;35;25;15289.71;4019.92;4294967300.00;1710.19;8695.04;4294967300.00;1566.43;1872.44;7148.75;1491.95;3269.66;708.96;1355.90;1386.09;5645.52;6085.74;4656.37;1455.98
1242;Melitta-Harmonie-mild_gemahlen;28;35;25;14165.06;3878.60;4294967300.00;1671.48;8455.85;4294967300.00;1538.13;1839.19;7013.20;1454.26;3189.74;697.22;1332.88;1364.56;5624.43;6077.90;4647.92;1455.03
1243;Melitta-Harmonie-mild_gemahlen;28;35;25;14033.33;3857.30;4294967300.00;1662.01;8233.05;4294967300.00;1531.51;1831.68;6989.28;1420.49;3113.86;694.97;1328.27;1359.77;5609.02;6075.65;4648.62;1453.11
1244;Melitta-Harmonie-mild_gemahlen;28;35;25;10290.18;3367.52;4294967300.00;1526.09;7596.70;4294967300.00;1428.57;1711.00;6493.79;1321.61;2899.39;653.90;1246.94;1283.21;5557.10;6047.63;4640.88;1445.45
1245;Melitta-Harmonie-mild_gemahlen;28;35;25;16437.13;4152.53;4294967300.00;1738.58;8496.83;4294967300.00;1591.11;1901.41;7267.21;1459.65;3197.83;717.53;1372.01;1400.45;5625.24;6086.86;4652.85;1456.94
1246;Melitta-Harmonie-mild_gemahlen;28;35;25;20586.88;4662.64;4294967300.00;1874.50;9280.72;4294967300.00;1687.43;2013.51;7722.83;1581.04;3461.87;756.34;1448.75;1473.02;5683.65;6110.40;4661.29;1465.56
1247;Melitta-Harmonie-mild_gemahlen;28;35;25;20599.88;4665.55;4294967300.00;1878.80;9288.17;4294967300.00;1688.03;2015.12;7728.53;1582.51;3466.93;757.24;1451.05;1473.02;5683.65;6109.28;4657.07;1466.52
1248;Melitta-Harmonie-mild_gemahlen;28;35;25;20501.49;4653.93;4294967300.00;1877.94;9290.41;4294967300.00;1686.22;2012.43;7717.14;1582.51;3467.94;756.79;1450.28;1473.02;5677.16;6105.92;4654.96;1466.52
1249;Melitta-Harmonie-mild_gemahlen;28;35;25;20425.05;4646.19;4294967300.00;1875.36;9275.50;4294967300.00;1683.82;2009.75;7708.02;1580.55;3463.90;755.89;1448.75;1472.23;5677.16;6105.92;4659.18;1464.61
1250;Melitta-Harmonie-mild_gemahlen;28;35;25;20342.10;4637.48;4294967300.00;1873.64;9260.60;4294967300.00;1682.01;2007.61;7698.91;1578.59;3459.85;754.99;1447.21;1469.83;5677.16;6104.80;4660.59;1467.48
1251;Melitta-Auslese-klassisch-mild_gemahlen;26;31;24;17631.72;8470.58;4294967300.00;2025.04;10758.33;4294967300.00;1511.04;1820.95;7088.38;1430.77;3074.41;684.59;1365.11;1468.24;6318.06;6045.39;5487.23;1465.56
1252;Melitta-Auslese-klassisch-mild_gemahlen;26;32;24;17299.12;8465.74;4294967300.00;2049.13;10773.98;4294967300.00;1511.64;1822.02;7095.21;1434.68;3096.67;687.75;1372.78;1469.83;6096.58;5975.89;5476.67;1472.27
1253;Melitta-Auslese-klassisch-mild_gemahlen;26;33;24;17164.95;8444.44;4294967300.00;2056.01;10767.27;4294967300.00;1510.44;1821.49;7089.51;1434.68;3100.71;688.20;1375.08;1468.24;6052.78;5952.35;5480.89;1475.14
1254;Melitta-Auslese-klassisch-mild_gemahlen;26;33;24;17063.29;8438.64;4294967300.00;2058.59;10756.84;4294967300.00;1509.23;1819.88;7083.82;1433.22;3099.70;688.20;1375.08;1469.04;6038.98;5945.62;5480.89;1478.02
1255;Melitta-Auslese-klassisch-mild_gemahlen;26;33;24;16978.72;8424.12;4294967300.00;2059.45;10745.66;4294967300.00;1508.03;1818.27;7076.98;1432.24;3098.69;687.75;1375.08;1468.24;6021.14;5935.53;5480.19;1478.97
1256;Melitta-Auslese-klassisch-mild_gemahlen;27;33;24;16918.55;8413.47;4294967300.00;2059.45;10736.72;4294967300.00;1506.83;1816.66;7070.15;1431.26;3097.68;687.75;1374.32;1466.64;6008.97;5928.81;5478.78;1478.97
1257;Melitta-Auslese-klassisch-mild_gemahlen;27;34;24;16851.05;8391.21;4294967300.00;2058.59;10725.54;4294967300.00;1505.02;1814.52;7062.18;1429.79;3095.66;687.30;1372.78;1465.05;5999.23;5920.96;5479.49;1479.93
1258;Melitta-Auslese-klassisch-mild_gemahlen;27;34;24;16799.01;8388.30;4294967300.00;2057.73;10715.11;4294967300.00;1502.61;1812.91;7055.34;1427.34;3092.62;686.84;1372.01;1464.25;5988.69;5914.23;5478.78;1480.89
1259;Melitta-Auslese-klassisch-mild_gemahlen;27;34;24;16692.48;8367.98;4294967300.00;2054.29;10703.94;4294967300.00;1501.41;1810.22;7043.95;1427.34;3089.59;685.49;1370.48;1461.86;5979.76;5909.75;5480.19;1480.89
1260;Melitta-Auslese-klassisch-mild_gemahlen;27;34;24;16230.58;8263.44;4294967300.00;2037.09;10681.58;4294967300.00;1489.97;1797.35;6988.14;1424.41;3084.53;681.43;1361.27;1453.08;5969.22;5903.02;5481.60;1480.89
1261;Melitta-Auslese-klassisch-mild_gemahlen;27;34;24;15889.04;8179.22;4294967300.00;2023.32;10600.36;4294967300.00;1481.54;1787.16;6947.13;1413.15;3064.29;678.72;1354.36;1445.11;5963.54;5898.54;5483.01;1480.89
1262;Melitta-Auslese-klassisch-mild_gemahlen;27;34;24;15596.29;8121.15;4294967300.00;2011.28;10542.24;4294967300.00;1474.32;1778.58;6910.68;1406.29;3049.12;675.56;1348.23;1437.93;5953.80;5892.94;5481.60;1479.93
1263;Melitta-Auslese-klassisch-mild_gemahlen;27;34;24;15363.72;8067.91;4294967300.00;2000.95;10481.14;4294967300.00;1468.90;1770.00;6882.21;1400.42;3033.94;673.31;1343.62;1433.94;5943.26;5889.57;5482.30;1480.89
1264;Melitta-Auslese-klassisch-mild_gemahlen;27;34;24;15177.49;8025.32;4294967300.00;1993.21;10435.69;4294967300.00;1464.08;1765.71;6858.28;1393.57;3020.79;671.50;1339.02;1429.96;5936.77;5883.97;5480.89;1479.93
1265;Melitta-Auslese-klassisch-mild_gemahlen;27;34;25;14979.89;7980.79;4294967300.00;1984.61;10398.43;4294967300.00;1458.67;1759.81;6832.09;1390.14;3011.69;669.24;1335.18;1425.97;5931.09;5880.60;5479.49;1479.93
1266;Melitta-Auslese-klassisch-mild_gemahlen;27;34;24;14715.60;7919.81;4294967300.00;1973.43;10350.74;4294967300.00;1452.04;1751.76;6799.05;1383.29;2998.54;666.54;1329.04;1419.59;5923.79;5877.24;5478.78;1479.93
1267;Melitta-Auslese-klassisch-mild_gemahlen;27;34;25;14182.14;7797.85;4294967300.00;1950.20;10271.01;4294967300.00;1438.20;1735.67;6731.85;1374.97;2978.30;661.12;1318.30;1406.83;5911.62;5870.52;5471.74;1478.97
1268;Melitta-Auslese-klassisch-mild_gemahlen;27;34;25;13658.44;7681.70;4294967300.00;1928.69;10165.94;4294967300.00;1424.35;1720.65;6669.20;1362.24;2950.99;656.16;1307.56;1396.46;5905.94;5866.03;5477.37;1478.02
1269;Melitta-Auslese-klassisch-mild_gemahlen;27;34;25;7641.60;6217.18;4294967300.00;1653.41;9845.53;4294967300.00;1255.19;1517.37;5819.46;1322.59;2870.06;588.01;1168.67;1261.68;5884.03;5820.07;5477.37;1462.69
1270;Melitta-Auslese-klassisch-mild_gemahlen;28;34;25;13429.93;7617.81;4294967300.00;1911.49;9754.63;4294967300.00;1417.73;1712.07;6631.61;1311.33;2842.74;652.55;1299.12;1390.88;5867.00;5859.31;5469.63;1478.97
1271;Melitta-Auslese-klassisch-mild_gemahlen;28;35;25;15358.02;8049.52;4294967300.00;1997.51;10314.23;4294967300.00;1466.49;1768.92;6869.68;1378.39;2986.40;671.95;1339.78;1429.96;5883.22;5863.79;5478.78;1483.76
1272;Melitta-Auslese-klassisch-mild_gemahlen;28;34;25;14230.12;7800.75;4294967300.00;1952.78;10352.23;4294967300.00;1439.40;1736.74;6735.27;1383.29;2997.52;661.57;1318.30;1408.42;5900.26;5861.55;5480.19;1479.93
1273;Melitta-Auslese-klassisch-mild_gemahlen;27;34;25;14738.37;7914.97;4294967300.00;1972.57;10282.93;4294967300.00;1451.44;1751.22;6795.64;1376.44;2980.33;665.63;1327.51;1417.20;5893.77;5863.79;5480.89;1482.81
1274;Melitta-Auslese-klassisch-mild_gemahlen;28;35;25;14960.37;7970.15;4294967300.00;1982.03;10352.23;4294967300.00;1456.86;1757.12;6819.56;1382.80;2997.52;668.34;1332.11;1421.98;5897.01;5862.67;5480.89;1483.76
1275;Melitta-Auslese-klassisch-mild_gemahlen;28;34;25;14878.24;7950.79;4294967300.00;1978.59;10329.88;4294967300.00;1453.25;1754.44;6809.31;1380.35;2992.47;667.44;1330.58;1420.39;5895.39;5861.55;5480.89;1482.81
1276;Melitta-Auslese-klassisch-mild_gemahlen;28;35;25;15476.75;8075.65;4294967300.00;2003.54;10426.00;4294967300.00;1468.30;1771.61;6879.93;1391.61;3016.75;672.40;1342.85;1431.55;5896.20;5861.55;5480.89;1482.81
1277;Melitta-Auslese-klassisch-mild_gemahlen;28;35;25;15337.69;8051.45;4294967300.00;1999.23;10446.12;4294967300.00;1465.29;1767.85;6863.98;1395.53;3021.80;671.95;1339.78;1429.16;5893.77;5858.19;5481.60;1483.76
1278;Melitta-Auslese-klassisch-mild_gemahlen;29;35;25;15346.64;8053.39;4294967300.00;1999.23;10433.45;4294967300.00;1464.08;1767.85;6856.01;1394.06;3018.77;671.95;1339.02;1429.16;5890.52;5857.06;5480.89;1482.81
1279;Melitta-Auslese-klassisch-mild_gemahlen;28;35;25;15402.75;8065.01;4294967300.00;2001.82;10440.16;4294967300.00;1465.29;1768.92;6869.68;1393.57;3020.79;672.40;1340.55;1429.96;5890.52;5855.94;5481.60;1483.76
1280;Melitta-Auslese-klassisch-mild_gemahlen;28;35;25;15082.35;7985.63;4294967300.00;1988.91;10414.08;4294967300.00;1458.67;1759.81;6829.81;1390.63;3013.71;669.24;1334.41;1423.58;5890.52;5854.82;5481.60;1484.72
1281;Melitta-Auslese-klassisch-mild_gemahlen;28;35;25;15160.42;8011.77;4294967300.00;1991.49;10362.66;4294967300.00;1460.47;1761.95;6840.06;1384.27;2998.54;669.24;1335.95;1425.17;5883.22;5854.82;5480.19;1483.76
1282;Melitta-Auslese-klassisch-mild_gemahlen;28;35;25;14912.39;7953.69;4294967300.00;1981.17;10353.72;4294967300.00;1453.85;1754.44;6807.03;1383.29;2997.52;666.54;1330.58;1418.79;5880.79;5851.46;5480.89;1483.76
1283;Melitta-Auslese-klassisch-mild_gemahlen;28;35;25;14956.30;7957.56;4294967300.00;1983.75;10372.35;4294967300.00;1455.05;1755.52;6812.72;1385.25;3002.58;666.99;1331.34;1418.79;5875.11;5849.22;5482.30;1485.68
1284;Melitta-Auslese-klassisch-mild_gemahlen;28;35;25;14697.71;7904.33;4294967300.00;1971.71;10316.46;4294967300.00;1448.43;1745.86;6779.69;1378.39;2988.42;664.28;1325.21;1413.21;5875.92;5846.98;5481.60;1484.72
1285;Melitta-Auslese-klassisch-mild_gemahlen;28;35;25;14578.17;7880.13;4294967300.00;1967.40;10291.13;4294967300.00;1444.82;1744.79;6764.88;1375.46;2981.34;664.28;1322.90;1412.41;5874.30;5846.98;5482.30;1483.76
1286;Melitta-Auslese-klassisch-mild_gemahlen;28;35;25;14518.80;7858.83;4294967300.00;1964.82;10294.11;4294967300.00;1444.22;1741.03;6756.91;1376.93;2982.35;663.38;1321.37;1410.82;5871.05;5844.73;5480.89;1484.72
1287;Melitta-Auslese-klassisch-mild_gemahlen;28;35;25;14274.85;7808.50;4294967300.00;1954.50;10233.01;4294967300.00;1438.20;1733.52;6726.15;1368.11;2966.16;660.67;1316.76;1405.23;5862.13;5840.25;5480.19;1482.81
1288;Melitta-Auslese-klassisch-mild_gemahlen;28;35;25;14043.08;7755.26;4294967300.00;1944.18;10212.14;4294967300.00;1432.18;1727.09;6697.68;1366.16;2961.11;658.41;1311.39;1398.85;5859.70;5836.89;5479.49;1481.85
1289;Melitta-Auslese-klassisch-mild_gemahlen;28;35;25;13996.73;7746.55;4294967300.00;1941.60;10141.35;4294967300.00;1430.97;1725.48;6690.84;1357.35;2941.88;657.96;1310.63;1399.65;5853.21;5836.89;5480.19;1482.81
1290;Melitta-Auslese-klassisch-mild_gemahlen;28;35;25;13585.26;7650.72;4294967300.00;1923.53;10066.84;4294967300.00;1420.14;1714.22;6638.45;1348.05;2922.66;653.45;1301.42;1389.28;5842.66;5831.28;5477.37;1481.85
1291;Melitta-Auslese-klassisch-mild_gemahlen;28;35;25;13230.70;7570.38;4294967300.00;1908.05;9993.82;4294967300.00;1411.11;1703.49;6592.88;1339.23;2903.44;648.94;1293.74;1382.90;5841.85;5830.16;5472.44;1480.89
1292;Melitta-Auslese-klassisch-mild_gemahlen;28;35;25;12933.89;7499.72;4294967300.00;1894.28;9974.44;4294967300.00;1403.28;1692.76;6554.16;1337.28;2898.38;645.78;1287.61;1376.52;5834.55;5826.80;5478.78;1480.89
1293;Melitta-Auslese-klassisch-mild_gemahlen;28;35;25;12420.76;7383.57;4294967300.00;1872.78;9926.01;4294967300.00;1390.04;1678.28;6488.09;1330.91;2886.24;640.81;1276.10;1364.56;5828.06;5820.07;5471.74;1479.93
1294;Melitta-Auslese-klassisch-mild_gemahlen;28;35;25;10431.68;6913.14;4294967300.00;1784.17;9788.16;4294967300.00;1336.46;1612.84;6222.69;1314.76;2849.82;620.05;1233.12;1322.29;5819.94;5806.62;5469.63;1474.18
1295;Melitta-Auslese-klassisch-mild_gemahlen;28;35;25;21261.83;9291.41;4294967300.00;2220.32;11199.45;4294967300.00;1592.91;1919.11;7491.60;1484.12;3207.95;722.49;1442.61;1529.65;5904.32;5871.64;5478.08;1497.17
1296;Melitta-Auslese-klassisch-mild_gemahlen;28;35;25;18246.50;8667.07;4294967300.00;2118.81;11144.31;4294967300.00;1530.30;1845.62;7179.50;1477.27;3198.84;697.22;1393.50;1480.20;5892.96;5852.58;5478.78;1493.34
1297;Melitta-Auslese-klassisch-mild_gemahlen;28;35;25;18082.23;8641.91;4294967300.00;2111.93;10907.36;4294967300.00;1526.69;1841.33;7161.27;1448.88;3139.16;696.77;1390.43;1477.01;5888.90;5852.58;5483.71;1491.43
1298;Melitta-Auslese-klassisch-mild_gemahlen;28;35;25;16607.09;8322.48;4294967300.00;2055.15;10877.55;4294967300.00;1492.98;1800.57;6994.97;1445.45;3132.07;683.23;1363.57;1449.89;5882.41;5841.37;5483.01;1488.55
1299;Melitta-Auslese-klassisch-mild_gemahlen;28;35;25;16815.27;8365.07;4294967300.00;2059.45;10544.48;4294967300.00;1497.19;1805.93;7015.48;1405.80;3046.08;684.14;1365.87;1452.29;5861.32;5841.37;5481.60;1489.51
1300;Melitta-Auslese-klassisch-mild_gemahlen;28;35;25;16311.90;8257.63;4294967300.00;2039.67;10580.99;4294967300.00;1484.55;1791.99;6958.52;1409.72;3053.17;680.07;1355.90;1442.72;5861.32;5839.13;5481.60;1488.55
1301;Melitta-Auslese.k-klassisch_gemahlen;26;32;24;18988.94;5501.86;4294967300.00;1797.93;7373.16;4294967300.00;1757.26;2124.00;8005.32;1696.56;3496.27;768.53;1483.28;1539.22;7401.89;6450.06;5425.97;1530.70
1302;Melitta-Auslese.k-klassisch_gemahlen;27;32;24;18105.00;5398.29;4294967300.00;1798.79;7268.10;4294967300.00;1743.42;2108.44;7942.67;1676.49;3470.98;766.27;1480.21;1530.44;7117.95;6369.35;5414.00;1538.36
1303;Melitta-Auslese.k-klassisch_gemahlen;27;33;24;17665.87;5348.92;4294967300.00;1797.93;7233.82;4294967300.00;1736.19;2099.86;7910.78;1670.13;3464.91;763.56;1477.91;1526.46;7040.88;6343.57;5409.78;1542.19
1304;Melitta-Auslese.k-klassisch_gemahlen;27;33;24;16885.21;5232.77;4294967300.00;1779.01;7190.60;4294967300.00;1718.13;2078.41;7824.21;1661.32;3448.72;758.15;1465.63;1512.10;7015.74;6325.63;5416.82;1542.19
1305;Melitta-Auslese.k-klassisch_gemahlen;27;33;24;15677.61;5055.63;4294967300.00;1742.02;7075.85;4294967300.00;1685.02;2041.93;7679.55;1637.33;3400.16;746.41;1442.61;1491.37;7010.06;6314.42;5411.19;1540.28
1306;Melitta-Auslese.k-klassisch_gemahlen;26;33;24;10943.18;4322.89;4294967300.00;1584.59;6707.75;4294967300.00;1557.40;1886.92;7057.62;1559.01;3242.34;694.52;1343.62;1394.87;6934.61;6269.58;5404.85;1531.66
1307;Melitta-Auslese.k-klassisch_gemahlen;26;33;24;8061.21;3838.91;4294967300.00;1471.04;6271.10;4294967300.00;1462.28;1774.29;6604.27;1466.99;3052.15;657.06;1269.96;1324.68;6875.39;6238.19;5405.55;1523.99
1308;Melitta-Auslese.k-klassisch_gemahlen;26;34;24;14343.15;4852.36;4294967300.00;1695.56;6640.69;4294967300.00;1651.91;1999.02;7507.55;1544.33;3209.97;730.62;1413.45;1462.66;6904.59;6280.79;5404.14;1541.24
1309;Melitta-Auslese.k-klassisch_gemahlen;27;34;24;13558.42;4731.37;4294967300.00;1674.06;6782.26;4294967300.00;1631.44;1972.74;7408.45;1573.70;3272.69;723.85;1398.87;1448.30;6919.20;6269.58;5411.89;1539.32
1310;Melitta-Auslese.k-klassisch_gemahlen;27;34;24;11782.40;4451.63;4294967300.00;1611.26;6506.56;4294967300.00;1579.67;1913.74;7165.83;1516.92;3154.33;703.54;1359.74;1410.82;6884.31;6257.25;5407.67;1536.45
1311;Melitta-Auslese.k-klassisch_gemahlen;27;34;24;11910.88;4471.95;4294967300.00;1616.42;6455.89;4294967300.00;1584.49;1919.11;7185.20;1504.19;3131.06;705.35;1362.81;1413.21;6867.28;6253.89;5409.07;1537.40
1312;Melitta-Auslese.k-klassisch_gemahlen;27;34;25;10700.04;4277.40;4294967300.00;1572.55;6490.91;4294967300.00;1547.76;1875.66;7010.92;1511.53;3145.23;690.91;1334.41;1386.89;6902.97;6250.52;5411.19;1533.57
1313;Melitta-Auslese.k-klassisch_gemahlen;26;34;24;8036.00;3832.14;4294967300.00;1470.18;6186.90;4294967300.00;1460.47;1772.14;6595.16;1447.41;3013.71;657.06;1268.42;1323.89;6845.37;6221.38;5404.85;1527.83
1314;Melitta-Auslese.k-klassisch_gemahlen;27;34;25;8658.10;3930.87;4294967300.00;1489.10;5839.66;4294967300.00;1479.13;1793.60;6682.87;1373.99;2861.96;663.83;1279.93;1335.05;6795.07;6222.50;5401.33;1528.78
1315;Melitta-Auslese.k-klassisch_gemahlen;28;34;24;11365.23;4380.97;4294967300.00;1593.19;6449.93;4294967300.00;1566.43;1897.12;7098.63;1504.19;3126.00;697.67;1347.46;1398.85;6859.16;6241.56;5408.37;1537.40
1316;Melitta-Auslese.k-klassisch_gemahlen;27;34;24;13580.38;4729.43;4294967300.00;1671.48;6563.19;4294967300.00;1630.24;1972.74;7400.48;1526.22;3173.55;722.95;1396.57;1443.51;6856.73;6255.01;5409.78;1543.15
1317;Melitta-Auslese.k-klassisch_gemahlen;27;34;25;14856.28;4924.96;4294967300.00;1713.63;6781.52;4294967300.00;1663.95;2013.51;7561.08;1572.72;3266.62;736.48;1422.66;1469.83;6912.71;6266.22;5414.00;1545.07
1318;Melitta-Auslese.k-klassisch_gemahlen;28;34;25;12390.67;4553.26;4294967300.00;1634.49;6604.92;4294967300.00;1595.92;1934.66;7245.57;1535.52;3195.81;710.76;1372.78;1421.98;6855.11;6240.44;5409.78;1540.28
1319;Melitta-Auslese.k-klassisch_gemahlen;27;34;25;12389.86;4549.39;4294967300.00;1631.91;6434.28;4294967300.00;1596.53;1933.05;7241.01;1499.79;3119.93;709.86;1371.25;1421.18;6863.22;6241.56;5409.78;1538.36
1320;Melitta-Auslese.k-klassisch_gemahlen;27;34;25;12089.79;4499.06;4294967300.00;1622.44;6558.72;4294967300.00;1588.10;1922.86;7201.14;1525.73;3173.55;706.70;1365.11;1413.21;6851.05;6237.07;5409.78;1540.28
1321;Melitta-Auslese.k-klassisch_gemahlen;27;34;25;10655.31;4274.49;4294967300.00;1571.69;6383.61;4294967300.00;1545.35;1872.44;6998.39;1489.02;3099.70;689.10;1332.11;1382.90;6821.03;6222.50;5406.26;1535.49
1322;Melitta-Auslese.k-klassisch_gemahlen;28;34;25;10905.77;4310.31;4294967300.00;1580.29;6396.28;4294967300.00;1551.98;1881.56;7033.70;1490.98;3103.75;693.16;1338.25;1386.89;6818.60;6222.50;5407.67;1536.45
1323;Melitta-Auslese.k-klassisch_gemahlen;27;34;25;7343.16;3710.17;4294967300.00;1440.93;6160.82;4294967300.00;1433.38;1738.89;6466.45;1441.54;3002.58;646.68;1247.70;1302.35;6789.40;6192.23;5402.74;1527.83
1324;Melitta-Auslese.k-klassisch_gemahlen;27;34;25;9101.29;4003.46;4294967300.00;1506.31;6076.62;4294967300.00;1492.38;1807.54;6743.24;1423.92;2965.15;668.79;1289.91;1343.03;6776.42;6202.32;5401.33;1531.66
1325;Melitta-Auslese.k-klassisch_gemahlen;27;34;25;10109.66;4172.86;4294967300.00;1545.02;6026.69;4294967300.00;1524.28;1848.84;6902.71;1413.15;2942.90;681.88;1315.23;1366.16;6773.98;6211.29;5400.62;1535.49
1326;Melitta-Auslese.k-klassisch_gemahlen;27;34;25;13009.51;4641.35;4294967300.00;1649.97;6482.72;4294967300.00;1611.58;1951.29;7313.91;1509.58;3139.16;715.73;1381.22;1429.96;6821.85;6231.47;5406.96;1542.19
1327;Melitta-Auslese.k-klassisch_gemahlen;28;35;25;11822.25;4453.56;4294967300.00;1612.12;6718.93;4294967300.00;1579.07;1910.52;7156.72;1559.50;3241.33;702.19;1357.43;1406.83;6879.44;6229.23;5413.30;1538.36
1328;Melitta-Auslese.k-klassisch_gemahlen;28;35;25;14745.69;4909.47;4294967300.00;1710.19;6701.04;4294967300.00;1659.13;2007.61;7538.30;1555.59;3234.25;734.23;1418.05;1463.45;6844.56;6243.80;5411.19;1546.03
1329;Melitta-Auslese.k-klassisch_gemahlen;28;35;25;14161.81;4823.32;4294967300.00;1693.84;6920.11;4294967300.00;1644.08;1989.91;7467.68;1602.09;3328.33;728.81;1408.08;1454.68;6884.31;6243.80;5414.00;1545.07
1330;Melitta-Auslese.k-klassisch_gemahlen;28;35;25;13381.14;4697.49;4294967300.00;1668.04;6709.99;4294967300.00;1621.21;1964.70;7366.31;1557.55;3240.32;719.79;1391.20;1438.73;6842.94;6229.23;5410.48;1543.15
1331;Melitta-Auslese.k-klassisch_gemahlen;28;35;25;15919.94;5086.61;4294967300.00;1749.76;6943.21;4294967300.00;1689.84;2044.08;7682.96;1606.98;3339.46;746.86;1442.61;1487.38;6894.86;6252.77;5416.82;1548.90
1332;Melitta-Auslese.k-klassisch_gemahlen;28;35;25;12842.81;4616.18;4294967300.00;1650.83;6788.97;4294967300.00;1606.76;1947.00;7287.71;1574.19;3273.71;714.82;1380.45;1428.36;6870.52;6231.47;5412.59;1542.19
1333;Melitta-Auslese.k-klassisch_gemahlen;28;35;25;14022.75;4803.96;4294967300.00;1691.26;6861.25;4294967300.00;1640.47;1986.15;7450.60;1589.36;3304.06;727.46;1405.01;1451.49;6846.99;6232.59;5412.59;1545.07
1334;Melitta-Auslese.k-klassisch_gemahlen;28;35;25;11596.18;4417.75;4294967300.00;1607.82;6726.38;4294967300.00;1571.24;1904.62;7123.69;1560.97;3246.39;700.83;1353.60;1401.25;6859.16;6221.38;5412.59;1539.32
1335;Melitta-Auslese.k-klassisch_gemahlen;28;35;25;12802.96;4603.60;4294967300.00;1643.95;6211.49;4294967300.00;1604.95;1943.24;7279.74;1452.31;3024.84;713.02;1376.62;1425.17;6782.09;6222.50;5404.85;1542.19
1336;Melitta-Auslese.k-klassisch_gemahlen;28;35;25;11024.50;4325.79;4294967300.00;1583.73;6622.80;4294967300.00;1553.78;1882.10;7034.84;1538.95;3199.86;693.61;1338.25;1388.49;6851.86;6214.65;5412.59;1538.36
1337;Melitta-Auslese.k-klassisch_gemahlen;28;35;25;9399.73;4054.77;4294967300.00;1518.35;5897.04;4294967300.00;1499.60;1819.34;6781.97;1386.71;2889.28;671.95;1296.05;1348.61;6743.15;6193.36;5399.92;1534.53
1338;Melitta-Auslese.k-klassisch_gemahlen;28;35;25;13736.51;4746.85;4294967300.00;1674.92;6509.54;4294967300.00;1629.03;1973.28;7400.48;1514.47;3149.27;722.95;1395.03;1441.12;6801.56;6224.74;5407.67;1545.07
1339;Melitta-Auslese.k-klassisch_gemahlen;28;35;25;15084.79;4962.71;4294967300.00;1723.95;6891.05;4294967300.00;1667.56;2018.33;7577.03;1595.24;3316.20;737.84;1425.73;1470.63;6841.32;6232.59;5412.59;1547.94
1340;Melitta-Auslese.k-klassisch_gemahlen;28;35;25;14988.83;4942.38;4294967300.00;1720.51;6897.02;4294967300.00;1663.35;2014.58;7563.36;1596.70;3318.22;736.94;1423.43;1468.24;6862.41;6235.95;5415.41;1547.94
1341;Melitta-Auslese.k-klassisch_gemahlen;28;35;25;13973.15;4792.35;4294967300.00;1688.68;6761.40;4294967300.00;1638.06;1982.93;7435.79;1567.82;3261.57;726.56;1403.47;1449.10;6826.71;6223.62;5410.48;1546.03
1342;Melitta-Auslese.k-klassisch_gemahlen;28;35;25;14433.42;4857.20;4294967300.00;1701.59;6742.77;4294967300.00;1648.30;1994.73;7491.60;1563.91;3251.45;731.07;1411.92;1457.07;6842.94;6231.47;5411.89;1546.98
1343;Melitta-Auslese.k-klassisch_gemahlen;28;35;25;14322.82;4848.49;4294967300.00;1701.59;6856.03;4294967300.00;1647.70;1994.20;7482.49;1587.89;3301.02;730.62;1410.38;1456.28;6835.64;6224.74;5413.30;1546.98
1344;Melitta-Auslese.k-klassisch_gemahlen;28;35;25;15244.18;4986.91;4294967300.00;1729.97;6913.41;4294967300.00;1671.78;2022.62;7594.12;1600.13;3325.30;739.64;1428.03;1473.82;6858.35;6235.95;5414.71;1548.90
1345;Melitta-Auslese.k-klassisch_gemahlen;28;35;25;15364.53;5007.23;4294967300.00;1736.00;6936.51;4294967300.00;1674.79;2026.92;7611.20;1604.54;3336.43;741.00;1431.87;1474.62;6832.39;6228.11;5412.59;1549.86
1346;Melitta-Auslese.k-klassisch_gemahlen;28;35;25;15446.66;5017.88;4294967300.00;1737.72;6964.08;4294967300.00;1676.59;2028.52;7619.18;1610.41;3347.56;741.90;1432.63;1477.01;6860.79;6234.83;5416.82;1550.81
1347;Melitta-Auslese.k-klassisch_gemahlen;28;35;25;15160.42;4968.52;4294967300.00;1729.97;6961.10;4294967300.00;1668.77;2017.26;7581.59;1610.41;3347.56;738.74;1428.03;1470.63;6838.88;6224.74;5412.59;1549.86
1348;Melitta-Auslese.k-klassisch_gemahlen;28;35;25;15262.07;4985.94;4294967300.00;1731.69;6894.03;4294967300.00;1669.97;2022.09;7592.98;1596.22;3318.22;739.64;1428.80;1473.02;6847.81;6230.35;5408.37;1548.90
1349;Melitta-Auslese.k-klassisch_gemahlen;28;35;25;15871.96;5080.80;4294967300.00;1752.34;6966.31;4294967300.00;1686.22;2041.40;7669.30;1610.90;3349.58;746.41;1441.07;1483.39;6835.64;6228.11;5411.89;1550.81
1350;Melitta-Auslese.k-klassisch_gemahlen;28;35;25;15563.76;5033.37;4294967300.00;1742.02;6976.75;4294967300.00;1679.00;2031.21;7629.43;1613.35;3352.61;742.80;1434.94;1478.61;6854.30;6228.11;5414.00;1550.81
1351;GUT+GuensUENSTIG-Instant_agglomeriert;25;30;24;18531.93;4086.71;4294967300.00;1621.58;7028.91;4294967300.00;1731.38;2134.72;8236.55;1779.77;3674.32;815.91;1577.66;1493.76;7003.57;7559.82;4852.82;1615.95
1352;GUT+GuensUENSTIG-Instant_agglomeriert;25;32;24;19276.00;4197.06;4294967300.00;1667.18;7109.38;4294967300.00;1757.86;2166.91;8373.24;1798.86;3731.98;831.25;1608.36;1514.49;6755.32;7471.26;4843.66;1625.53
1353;GUT+GuensUENSTIG-Instant_agglomeriert;26;32;24;19073.52;4175.76;4294967300.00;1670.62;7107.15;4294967300.00;1756.06;2165.83;8365.26;1798.86;3737.04;830.80;1609.89;1512.90;6726.12;7451.08;4845.07;1631.28
1354;GUT+GuensUENSTIG-Instant_agglomeriert;26;32;23;19312.60;4208.67;4294967300.00;1681.80;7091.50;4294967300.00;1762.68;2173.34;8399.43;1795.93;3733.00;834.41;1616.80;1518.48;6702.59;7438.75;4845.07;1632.24
1355;GUT+GuensUENSTIG-Instant_agglomeriert;26;32;23;19473.61;4231.90;4294967300.00;1688.68;7113.11;4294967300.00;1766.29;2178.71;8419.94;1800.82;3742.10;836.22;1621.40;1522.47;6691.23;7433.15;4847.18;1635.11
1356;GUT+GuensUENSTIG-Instant_agglomeriert;26;33;24;19136.95;4191.25;4294967300.00;1682.66;7148.87;4294967300.00;1759.67;2170.12;8385.76;1809.14;3762.33;834.86;1616.80;1518.48;6683.93;7421.94;4848.59;1636.07
1357;GUT+GuensUENSTIG-Instant_agglomeriert;26;33;24;18862.09;4162.21;4294967300.00;1675.78;7052.00;4294967300.00;1752.45;2161.54;8355.01;1787.11;3716.81;831.25;1611.43;1512.90;6662.03;7414.09;4847.18;1637.02
1358;GUT+GuensUENSTIG-Instant_agglomeriert;26;33;24;18548.19;4121.55;4294967300.00;1668.90;7087.77;4294967300.00;1747.03;2154.57;8319.70;1795.44;3735.02;828.54;1606.82;1508.11;6653.10;7406.24;4842.96;1637.02
1359;GUT+GuensUENSTIG-Instant_agglomeriert;26;33;24;18306.67;4096.39;4294967300.00;1662.87;7043.06;4294967300.00;1741.61;2148.67;8292.36;1785.16;3713.77;827.19;1601.45;1504.13;6643.37;7399.52;4847.89;1637.02
1360;GUT+GuensUENSTIG-Instant_agglomeriert;26;33;24;18354.65;4099.29;4294967300.00;1664.59;7038.59;4294967300.00;1742.21;2149.21;8295.78;1784.18;3711.75;827.64;1602.98;1504.13;6627.96;7393.91;4847.18;1637.98
1361;GUT+GuensUENSTIG-Instant_agglomeriert;26;33;24;18262.76;4095.42;4294967300.00;1663.73;7055.73;4294967300.00;1740.41;2147.06;8286.67;1788.09;3719.84;827.19;1601.45;1502.53;6622.28;7388.31;4843.66;1638.94
1362;GUT+GuensUENSTIG-Instant_agglomeriert;26;33;24;18319.68;4099.29;4294967300.00;1664.59;7067.65;4294967300.00;1741.61;2148.13;8290.08;1790.54;3724.90;826.29;1602.22;1503.33;6621.46;7384.95;4843.66;1638.94
1363;GUT+GuensUENSTIG-Instant_agglomeriert;27;34;24;17704.91;4022.82;4294967300.00;1648.25;7024.43;4294967300.00;1727.16;2130.43;8219.46;1778.79;3705.68;820.42;1589.94;1492.96;6616.60;7379.34;4848.59;1638.94
1364;GUT+GuensUENSTIG-Instant_agglomeriert;27;33;24;15371.03;3741.15;4294967300.00;1584.59;6864.23;4294967300.00;1672.38;2064.46;7946.09;1743.55;3628.80;796.96;1543.90;1453.08;6588.20;7361.41;4846.48;1634.15
1365;GUT+GuensUENSTIG-Instant_agglomeriert;27;34;24;14435.86;3628.87;4294967300.00;1555.34;6488.68;4294967300.00;1648.90;2035.50;7827.63;1655.44;3449.73;786.12;1521.65;1433.94;6545.21;7351.32;4840.14;1632.24
1366;GUT+GuensUENSTIG-Instant_agglomeriert;27;34;24;13335.60;3490.45;4294967300.00;1522.65;6528.92;4294967300.00;1620.61;2000.63;7682.96;1664.74;3468.95;773.94;1497.86;1414.80;6546.83;7338.99;4841.55;1630.32
1367;GUT+GuensUENSTIG-Instant_agglomeriert;27;34;24;14460.25;3628.87;4294967300.00;1554.48;6584.80;4294967300.00;1648.30;2032.82;7823.07;1677.47;3493.23;786.12;1520.88;1432.35;6545.21;7345.71;4838.73;1633.19
1368;GUT+GuensUENSTIG-Instant_agglomeriert;27;34;24;13235.58;3473.99;4294967300.00;1518.35;6296.43;4294967300.00;1616.99;1996.88;7665.88;1610.90;3356.66;772.14;1493.25;1410.82;6507.08;7334.50;4836.62;1631.28
1369;GUT+GuensUENSTIG-Instant_agglomeriert;27;34;24;14819.69;3668.55;4294967300.00;1561.36;6283.02;4294967300.00;1655.52;2044.08;7861.80;1607.47;3349.58;788.83;1526.25;1438.73;6506.27;7338.99;4837.33;1634.15
1370;GUT+GuensUENSTIG-Instant_agglomeriert;27;34;24;16583.51;3886.34;4294967300.00;1612.12;6725.63;4294967300.00;1698.26;2095.03;8072.52;1708.80;3560.00;807.33;1563.08;1469.04;6553.32;7353.56;4844.37;1639.90
1371;GUT+GuensUENSTIG-Instant_agglomeriert;27;34;24;15571.89;3762.44;4294967300.00;1587.17;6861.25;4294967300.00;1674.79;2067.14;7955.20;1742.57;3625.76;797.41;1543.90;1453.08;6561.43;7343.47;4844.37;1637.98
1372;GUT+GuensUENSTIG-Instant_agglomeriert;27;34;24;17021.82;3937.64;4294967300.00;1626.74;6876.90;4294967300.00;1708.50;2107.91;8124.92;1744.53;3632.84;812.75;1573.06;1476.21;6559.81;7350.20;4845.07;1640.86
1373;GUT+GuensUENSTIG-Instant_agglomeriert;27;34;24;17007.19;3936.68;4294967300.00;1626.74;6870.94;4294967300.00;1707.30;2107.91;8124.92;1745.02;3631.83;811.85;1573.06;1477.01;6554.13;7347.95;4840.85;1640.86
1374;GUT+GuensUENSTIG-Instant_agglomeriert;27;34;24;18064.34;4065.41;4294967300.00;1655.99;7033.38;4294967300.00;1730.77;2137.41;8243.38;1780.75;3707.70;822.23;1593.78;1494.56;6571.17;7351.32;4846.48;1643.73
1375;GUT+GuensUENSTIG-Instant_agglomeriert;27;34;25;14221.99;3599.83;4294967300.00;1552.76;6949.18;4294967300.00;1642.28;2027.99;7792.31;1761.17;3669.26;785.22;1517.81;1429.16;6558.19;7326.66;4841.55;1636.07
1376;GUT+GuensUENSTIG-Instant_agglomeriert;27;34;24;11566.90;3262.01;4294967300.00;1469.32;6306.86;4294967300.00;1571.24;1939.49;7434.65;1611.39;3362.73;753.18;1455.65;1377.32;6483.55;7304.24;4835.21;1629.36
1377;GUT+GuensUENSTIG-Instant_agglomeriert;27;34;24;15839.44;3796.32;4294967300.00;1591.47;6638.45;4294967300.00;1679.60;2070.36;7977.98;1688.24;3518.53;800.11;1546.97;1454.68;6509.51;7331.14;4835.21;1639.90
1378;GUT+GuensUENSTIG-Instant_agglomeriert;27;34;24;15669.48;3773.09;4294967300.00;1589.75;6864.23;4294967300.00;1675.99;2068.75;7962.03;1741.59;3625.76;798.31;1544.67;1453.08;6544.40;7332.26;4845.07;1638.94
1379;GUT+GuensUENSTIG-Instant_agglomeriert;27;34;24;10955.38;3184.57;4294967300.00;1449.53;6333.69;4294967300.00;1551.98;1917.50;7344.66;1617.75;3375.88;745.51;1440.31;1364.56;6479.50;7295.27;4837.33;1629.36
1380;GUT+GuensUENSTIG-Instant_agglomeriert;27;34;24;10524.38;3112.95;4294967300.00;1423.72;5993.91;46022.35;1531.51;1891.22;7231.90;1539.92;3210.98;735.58;1419.59;1347.81;6442.18;7288.54;4828.17;1625.53
1381;GUT+GuensUENSTIG-Instant_agglomeriert;27;34;25;15304.35;3726.63;4294967300.00;1575.99;6734.57;4294967300.00;1664.55;2054.27;7909.64;1710.75;3562.03;793.35;1534.69;1444.31;6516.00;7319.93;4841.55;1638.94
1382;GUT+GuensUENSTIG-Instant_agglomeriert;27;34;25;13649.50;3527.23;4294967300.00;1531.26;6466.32;4294967300.00;1625.42;2005.46;7709.16;1648.59;3437.59;776.20;1500.93;1415.60;6463.27;7303.11;4836.62;1636.07
1383;GUT+GuensUENSTIG-Instant_agglomeriert;27;34;24;15415.76;3740.18;4294967300.00;1580.29;6685.40;4294967300.00;1666.96;2057.49;7922.17;1699.50;3539.77;794.25;1536.99;1446.70;6509.51;7318.81;4840.14;1639.90
1384;GUT+GuensUENSTIG-Instant_agglomeriert;27;34;24;12722.45;3411.08;4294967300.00;1504.59;6676.45;4294967300.00;1600.74;1977.03;7583.87;1697.54;3537.75;767.17;1480.98;1398.85;6506.27;7299.75;4836.62;1634.15
1385;GUT+GuensUENSTIG-Instant_agglomeriert;27;35;25;15005.10;3689.85;4294967300.00;1567.39;6544.56;4294967300.00;1657.93;2044.08;7869.77;1665.72;3473.00;790.64;1528.55;1437.13;6490.85;7314.32;4835.92;1639.90
1386;GUT+GuensUENSTIG-Instant_agglomeriert;28;34;25;15987.44;3809.87;4294967300.00;1594.91;6379.89;4294967300.00;1681.41;2075.19;7987.09;1628.03;3395.10;800.57;1547.74;1455.48;6469.76;7318.81;4832.40;1639.90
1387;GUT+GuensUENSTIG-Instant_agglomeriert;28;34;25;12539.49;3382.04;4294967300.00;1496.84;6496.13;4294967300.00;1594.72;1969.52;7551.97;1655.93;3451.76;763.11;1474.84;1393.27;6478.68;7291.91;4837.33;1633.19
1388;GUT+GuensUENSTIG-Instant_agglomeriert;28;35;24;14787.16;3660.81;4294967300.00;1560.50;6461.11;4294967300.00;1651.91;2037.11;7831.04;1647.12;3432.54;787.03;1522.41;1433.94;6469.76;7306.48;4837.33;1638.94
1389;GUT+GuensUENSTIG-Instant_agglomeriert;27;34;24;13264.04;3472.06;4294967300.00;1515.77;6195.84;4294967300.00;1612.78;1991.52;7644.24;1584.96;3306.08;770.33;1489.42;1405.23;6441.37;7294.15;4833.81;1635.11
1390;GUT+GuensUENSTIG-Instant_agglomeriert;27;34;25;9135.45;2941.62;4294967300.00;1387.59;6128.03;44916.94;1496.59;1852.06;7065.59;1569.29;3273.71;721.59;1392.73;1323.09;6434.88;7263.88;4832.40;1624.57
1391;GUT+GuensUENSTIG-Instant_agglomeriert;28;34;25;8534.49;2859.34;4294967300.00;1364.37;6069.17;44214.79;1475.52;1826.85;6959.66;1555.59;3244.37;712.57;1374.32;1307.94;6414.60;7254.91;4825.36;1622.66
1392;GUT+GuensUENSTIG-Instant_agglomeriert;27;34;25;6939.82;2638.65;4294967300.00;1305.87;5578.86;42477.72;1424.35;1760.88;6693.12;1441.05;3010.68;690.00;1328.27;1268.86;6350.51;7235.86;4824.65;1618.82
1393;GUT+GuensUENSTIG-Instant_agglomeriert;27;34;25;11518.11;3247.49;4294967300.00;1458.13;5862.02;4294967300.00;1564.62;1933.05;7394.78;1506.64;3142.19;749.12;1445.68;1369.35;6386.20;7276.21;4823.95;1633.19
1394;GUT+GuensUENSTIG-Instant_agglomeriert;28;34;25;9189.93;2948.39;4294967300.00;1385.01;5955.90;44935.27;1497.80;1852.60;7065.59;1528.67;3190.75;721.14;1390.43;1320.70;6397.56;7257.16;4830.28;1625.53
1395;GUT+GuensUENSTIG-Instant_agglomeriert;28;34;25;6973.16;2640.58;4294967300.00;1305.01;5860.53;42436.13;1423.15;1759.81;6686.29;1506.64;3142.19;689.10;1327.51;1268.86;6393.50;7241.46;4826.76;1619.78
1396;GUT+GuensUENSTIG-Instant_agglomeriert;28;34;25;14305.75;3598.86;4294967300.00;1543.30;6505.82;4294967300.00;1638.67;2022.62;7771.81;1656.42;3448.72;781.61;1509.37;1422.78;6446.23;7290.78;4838.73;1639.90
1397;GUT+GuensUENSTIG-Instant_agglomeriert;28;34;25;14299.24;3606.60;4294967300.00;1547.60;6556.49;4294967300.00;1639.87;2022.62;7778.65;1668.66;3477.05;782.06;1512.44;1422.78;6457.59;7290.78;4839.44;1638.94
1398;GUT+GuensUENSTIG-Instant_agglomeriert;27;35;25;13191.67;3465.28;4294967300.00;1516.63;6552.02;4294967300.00;1612.18;1988.83;7638.54;1668.17;3475.02;771.23;1489.42;1405.23;6467.33;7287.42;4839.44;1636.07
1399;GUT+GuensUENSTIG-Instant_agglomeriert;28;34;25;11745.81;3284.27;4294967300.00;1472.76;6387.34;4294967300.00;1573.05;1942.71;7447.18;1629.50;3396.12;754.08;1456.42;1375.73;6448.67;7276.21;4833.10;1632.24
1400;GUT+GuensUENSTIG-Instant_agglomeriert;28;34;25;9007.77;2922.26;4294967300.00;1381.57;5878.41;44757.62;1492.98;1844.55;7039.40;1511.04;3152.31;719.34;1387.36;1319.10;6396.75;7257.16;4830.99;1625.53
1401;demeter_gemahlen;25;30;23;5603.73;9302.05;4294967300.00;2388.93;12581.69;40861.20;2603.69;3306.68;12833.80;2630.50;4923.71;1061.40;1886.90;1542.41;6097.39;9302.92;8031.93;2878.44
1402;demeter_gemahlen;25;31;23;8127.90;10386.16;4294967300.00;2627.22;13229.96;44716.73;2832.45;3590.41;14021.84;2758.26;5180.67;1148.50;2042.67;1650.07;5937.58;9241.27;8023.48;2914.84
1403;demeter_gemahlen;25;32;23;6094.91;9631.16;4294967300.00;2484.42;13601.79;42071.65;2675.32;3395.71;13206.27;2832.66;5326.35;1092.99;1945.22;1577.50;5948.12;9177.38;8041.79;2911.97
1404;demeter_gemahlen;25;32;23;6251.04;9699.88;4294967300.00;2499.04;12490.04;42315.57;2689.77;3413.95;13282.59;2615.82;4924.72;1098.41;1954.43;1584.68;5828.06;9162.80;8029.12;2917.72
1405;demeter_gemahlen;25;32;23;4235.94;8771.61;4294967300.00;2306.35;11627.91;38949.30;2489.91;3162.40;12244.90;2447.43;4613.13;1025.75;1822.44;1487.38;5742.88;9109.00;8016.44;2909.09
1406;demeter_gemahlen;26;32;23;7203.29;10016.40;4294967300.00;2561.84;12672.60;43393.48;2752.98;3491.72;13606.08;2650.08;4989.47;1122.33;1994.33;1613.39;5828.06;9156.08;8025.59;2925.38
1407;demeter_gemahlen;26;33;23;10830.15;11382.19;4294967300.00;2846.59;14277.63;4294967300.00;3035.32;3842.50;15064.08;2965.80;5578.25;1227.47;2183.86;1750.56;5959.48;9212.13;8052.35;2946.45
1408;demeter_gemahlen;26;33;23;10645.55;11332.82;4294967300.00;2843.15;14277.63;4294967300.00;3025.69;3827.49;15011.68;2966.29;5584.32;1225.22;2180.03;1744.98;5935.14;9195.31;8048.83;2948.37
1409;demeter_gemahlen;26;33;23;10451.20;11268.94;4294967300.00;2831.96;14269.43;4294967300.00;3013.05;3815.15;14946.75;2965.80;5583.31;1219.35;2173.12;1740.99;5946.50;9194.19;8050.24;2949.33
1410;demeter_gemahlen;26;33;24;10405.66;11262.16;4294967300.00;2832.82;14314.88;4294967300.00;3011.85;3813.54;14939.92;2974.61;5602.53;1220.70;2173.12;1740.99;5925.41;9182.98;8050.94;2953.16
1411;demeter_gemahlen;26;33;24;9380.22;10900.15;4294967300.00;2759.70;13914.74;4294967300.00;2938.40;3722.36;14562.89;2896.29;5454.83;1192.27;2124.01;1705.10;5899.45;9165.04;8042.49;2948.37
1412;demeter_gemahlen;27;33;24;6058.31;9630.19;4294967300.00;2498.18;12629.38;42068.13;2674.12;3394.64;13199.44;2644.69;4987.44;1094.80;1949.06;1578.30;5768.02;9088.82;8035.45;2934.96
1413;demeter_gemahlen;26;33;24;10236.51;11187.63;4294967300.00;2814.76;13759.75;4294967300.00;2996.19;3794.23;14860.19;2863.50;5394.13;1213.94;2160.08;1730.62;5858.89;9159.44;8035.45;2955.07
1414;demeter_gemahlen;26;33;24;9168.79;10838.20;4294967300.00;2745.94;13902.82;4294967300.00;2923.35;3703.59;14483.16;2893.84;5447.75;1187.76;2114.04;1697.13;5879.98;9144.87;8041.79;2952.20
1415;demeter_gemahlen;26;33;24;9263.93;10860.46;4294967300.00;2751.96;14014.59;4294967300.00;2929.97;3711.63;14515.05;2915.38;5490.24;1188.66;2117.87;1700.32;5898.64;9147.11;8051.65;2952.20
1416;demeter_gemahlen;27;33;24;8628.01;10627.18;4294967300.00;2702.06;12564.55;45576.80;2881.81;3652.09;14269.01;2631.97;4963.16;1170.61;2084.88;1674.00;5744.50;9122.45;8033.34;2949.33
1417;demeter_gemahlen;26;33;24;6079.45;9631.16;4294967300.00;2499.90;12986.30;42067.42;2673.52;3390.35;13197.16;2712.24;5117.95;1095.70;1949.06;1575.11;5774.51;9072.00;8031.23;2940.71
1418;demeter_gemahlen;27;33;24;5774.51;9421.11;4294967300.00;2450.01;11882.00;41276.44;2625.96;3331.89;12948.84;2498.34;4712.27;1076.30;1914.53;1551.98;5683.65;9063.04;8021.37;2938.79
1419;demeter_gemahlen;26;33;24;6664.14;9873.15;4294967300.00;2545.50;12539.96;42939.48;2725.29;3454.71;13464.84;2623.65;4947.99;1112.40;1980.52;1599.83;5748.55;9086.58;8029.12;2944.54
1420;demeter_gemahlen;26;33;24;6124.99;9653.42;4294967300.00;2499.90;12607.77;42161.18;2678.94;3400.54;13223.36;2639.31;4972.27;1095.70;1949.82;1577.50;5757.48;9076.49;8040.38;2941.66
1421;demeter_gemahlen;27;34;24;5994.07;9586.63;4294967300.00;2487.00;12703.89;41919.38;2662.68;3382.30;13147.04;2657.42;5006.67;1091.64;1940.62;1570.32;5754.23;9065.28;8029.82;2942.62
1422;demeter_gemahlen;27;34;24;7828.64;10279.69;4294967300.00;2625.50;12470.66;44343.79;2808.37;3560.91;13894.26;2612.39;4921.69;1143.99;2033.46;1638.91;5741.25;9097.79;8027.00;2949.33
1423;demeter_gemahlen;27;34;24;5621.63;9441.44;4294967300.00;2456.03;12456.50;41403.33;2631.98;3341.00;12989.85;2610.43;4918.65;1079.00;1920.67;1555.97;5729.08;9054.07;8027.00;2938.79
1424;demeter_gemahlen;27;33;24;4832.82;9082.33;4294967300.00;2381.19;12288.10;40104.77;2556.73;3246.07;12592.32;2576.66;4854.92;1050.57;1869.25;1517.68;5713.67;9033.89;8023.48;2935.92
1425;demeter_gemahlen;26;34;24;5157.29;9196.55;4294967300.00;2400.11;11507.94;40506.60;2578.40;3274.50;12710.78;2421.00;4568.62;1059.60;1882.30;1527.25;5649.58;9039.50;8025.59;2936.87
1426;demeter_gemahlen;27;34;24;4642.54;8835.50;4294967300.00;2320.11;10563.85;39124.14;2498.33;3173.12;12289.33;2237.44;4225.67;1028.91;1827.05;1488.18;5566.02;9020.44;8015.03;2932.08
1427;demeter_gemahlen;27;34;24;4952.36;8577.05;4294967300.00;2264.19;12605.53;37886.91;2426.69;3084.62;11904.32;2634.42;4964.18;1003.19;1784.08;1456.28;5738.01;9002.50;8026.30;2931.13
1428;demeter_gemahlen;26;34;24;5220.72;9010.70;4294967300.00;2362.26;12884.21;39675.43;2532.05;3218.18;12456.77;2692.18;5067.36;1041.55;1853.14;1505.72;5759.10;9021.56;8036.16;2936.87
1429;demeter_gemahlen;27;34;24;5741.98;9477.25;4294967300.00;2461.19;12288.85;41528.82;2640.41;3349.59;13027.44;2573.23;4852.89;1082.16;1922.97;1555.97;5703.94;9040.62;8029.82;2942.62
1430;demeter_gemahlen;27;34;24;8148.23;10388.10;4294967300.00;2647.87;12779.90;44718.14;2831.85;3586.66;14017.28;2672.11;5031.96;1151.21;2048.81;1647.68;5745.31;9083.21;8034.75;2954.12
1431;demeter_gemahlen;27;34;24;6936.56;9962.20;4294967300.00;2565.28;13303.73;43243.32;2742.15;3475.63;13546.85;2772.45;5224.17;1119.17;1991.26;1605.41;5791.55;9057.43;8034.75;2948.37
1432;demeter_gemahlen;27;34;24;8545.88;10565.24;4294967300.00;2688.30;13177.05;45349.09;2867.36;3631.18;14196.11;2747.98;5179.66;1165.20;2073.37;1666.82;5775.33;9087.70;8041.09;2958.91
1433;demeter_gemahlen;27;34;24;6934.12;9952.52;4294967300.00;2560.98;12777.66;43170.71;2737.93;3473.49;13525.21;2673.08;5037.02;1117.36;1988.96;1603.82;5746.93;9060.79;8036.16;2948.37
1434;demeter_gemahlen;27;34;24;6333.17;9706.66;4294967300.00;2511.95;12973.63;42292.31;2686.76;3406.98;13263.22;2707.84;5108.84;1098.86;1955.96;1580.69;5751.80;9042.86;8027.71;2949.33
1435;demeter_gemahlen;27;34;24;7211.42;10017.37;4294967300.00;2576.47;13206.12;43392.78;2751.78;3487.43;13593.55;2753.36;5189.77;1123.68;1998.17;1610.99;5771.27;9059.67;8040.38;2954.12
1436;demeter_gemahlen;27;34;24;8475.13;10552.65;4294967300.00;2684.86;13326.83;45275.07;2863.15;3628.49;14169.92;2776.86;5235.30;1163.39;2070.30;1663.63;5788.31;9082.09;8042.49;2958.91
1437;demeter_gemahlen;27;34;24;8275.08;10471.34;4294967300.00;2671.95;13250.82;45022.69;2848.10;3607.04;14093.60;2762.17;5209.00;1158.43;2061.86;1657.25;5769.65;9075.37;8039.68;2960.82
1438;demeter_gemahlen;27;34;24;10099.08;11107.29;4294967300.00;2800.99;13435.62;4294967300.00;2977.53;3771.17;14761.09;2800.35;5274.75;1206.26;2147.80;1719.46;5784.25;9098.91;8039.68;2967.53
1439;demeter_gemahlen;27;34;24;9729.08;10988.23;4294967300.00;2780.35;13897.61;4294967300.00;2954.05;3738.45;14638.07;2891.89;5446.73;1198.14;2133.22;1708.29;5819.94;9091.06;8036.86;2966.57
1440;demeter_gemahlen;27;34;24;8365.35;10490.70;4294967300.00;2677.98;13047.40;45070.63;2851.11;3614.01;14106.13;2723.01;5138.18;1159.78;2064.16;1658.85;5735.57;9064.16;8028.41;2962.74
1441;demeter_gemahlen;28;34;24;8789.84;10654.29;4294967300.00;2708.95;12784.37;45652.94;2885.42;3656.39;14283.82;2670.64;5038.03;1171.97;2085.64;1674.80;5732.33;9077.61;8035.45;2959.86
1442;demeter_gemahlen;28;34;24;8890.67;10701.72;4294967300.00;2717.55;13103.29;45784.77;2891.44;3666.04;14327.11;2733.78;5154.37;1175.13;2091.78;1678.78;5752.61;9076.49;8031.23;2961.78
1443;demeter_gemahlen;27;34;25;8985.00;10713.33;4294967300.00;2722.71;13510.13;45842.58;2896.86;3667.11;14340.77;2813.57;5305.10;1176.48;2094.09;1680.38;5782.63;9075.37;8037.56;2963.69
1444;demeter_gemahlen;27;34;24;8127.08;10400.68;4294967300.00;2659.05;12875.27;44763.96;2833.05;3587.73;14013.86;2689.73;5074.45;1153.01;2051.88;1650.07;5724.22;9054.07;8037.56;2960.82
1445;demeter_gemahlen;27;34;24;6662.52;9819.91;4294967300.00;2538.61;13125.64;42674.41;2709.04;3437.55;13371.43;2737.70;5163.47;1107.89;1971.31;1591.06;5744.50;9028.29;8031.93;2956.03
1446;demeter_gemahlen;28;34;25;8314.93;10458.76;4294967300.00;2671.09;12523.57;45028.33;2845.69;3606.50;14092.46;2619.73;4942.93;1157.98;2060.32;1655.66;5692.58;9054.07;8027.00;2960.82
1447;demeter_gemahlen;28;35;25;6994.30;9945.74;4294967300.00;2566.14;13376.75;43159.43;2734.92;3472.41;13519.51;2787.62;5255.53;1117.81;1988.96;1603.82;5768.84;9033.89;8042.49;2955.07
1448;demeter_gemahlen;27;34;25;7726.99;10264.20;4294967300.00;2631.52;13253.06;44294.45;2804.76;3552.87;13868.06;2762.66;5210.01;1142.63;2033.46;1634.92;5750.18;9045.10;8029.12;2960.82
1449;demeter_gemahlen;27;34;25;8027.06;10368.74;4294967300.00;2650.45;12514.63;44673.02;2826.43;3580.22;13983.11;2618.26;4939.90;1151.21;2046.51;1644.49;5692.58;9051.83;8027.71;2962.74
1450;demeter_gemahlen;27;34;25;9168.79;10795.61;4294967300.00;2739.91;13836.50;46106.94;2912.52;3686.96;14425.07;2877.20;5422.45;1183.70;2105.60;1688.35;5801.29;9060.79;8043.20;2965.61
